#compound	Ctr_0H_B10	Ctr_0H_B11	Ctr_0H_B9	Ctr_2H_B10	Ctr_2H_B11	Ctr_2H_B9	Ctr_6H_B10	Ctr_6H_B11	Ctr_6H_B9	Ctr_12H_B10	Ctr_12H_B11	Ctr_12H_B9	Ctr_18H_B10	Ctr_18H_B11	Ctr_18H_B9	Ctr_24H_B10	Ctr_24H_B11	Ctr_24H_B9	Ik_0H_B10	Ik_0H_B11	Ik_0H_B9	Ik_2H_B10	Ik_2H_B11	Ik_2H_B9	Ik_6H_B10	Ik_6H_B11	Ik_6H_B9	Ik_12H_B10	Ik_12H_B11	Ik_12H_B9	Ik_18H_B10	Ik_18H_B11	Ik_18H_B9	Ik_24H_B10	Ik_24H_B11	Ik_24H_B9
Alanine	-4.809782	-5.145618	-4.810761	-4.999718	-4.996830	-5.021492	-4.421886	-4.551634	-4.412859	-3.494585	-4.039110	-4.115609	-4.604873	-4.807070	-4.708864	-4.728160	-4.839074	-4.738153	-4.285449	-4.549123	-4.239593	-4.672428	-4.652257	-4.676746	-4.452762	-4.385990	-4.369611	-4.845108	-4.877175	-4.765239	-5.220188	-5.129743	-5.250831	-5.433815	-5.458689	-5.392739
Valine	-3.762248	-3.723449	-3.807318	-3.828859	-3.490234	-3.859058	-3.301684	-3.181247	-3.166726	-2.908859	-2.481684	-3.020354	-3.530423	-3.488670	-3.920640	-3.738221	-3.417948	-3.676646	-3.195668	-3.138692	-3.421546	-3.202847	-3.592524	-3.609403	-3.419952	-3.356450	-3.379316	-3.376390	-3.379190	-3.183939	-3.790583	-3.501688	-3.872969	-4.208975	-3.919486	-3.815777
Leucine	-1.065252	-1.040188	-1.062655	-1.087907	-0.797527	-1.098276	-0.512296	-0.427790	-0.459300	-0.230357	0.252865	-0.269079	-0.752048	-0.709531	-1.107775	-0.933317	-0.679248	-0.904146	-0.399926	-0.445359	-0.622822	-0.518060	-0.827973	-0.834333	-0.622034	-0.604603	-0.610791	-0.627712	-0.609049	-0.396253	-1.035596	-0.755689	-1.141838	-1.445161	-1.173599	-1.056354
Isoleucine	-1.302781	-1.259319	-1.258596	-1.314343	-1.010401	-1.300719	-0.666296	-0.673594	-0.683044	-0.559048	-0.006204	-0.494713	-0.950508	-0.926237	-1.346343	-1.196044	-0.879261	-1.132894	-0.701224	-0.657579	-0.897786	-0.721664	-1.040648	-1.055830	-0.838937	-0.829530	-0.860684	-0.888095	-0.840080	-0.662657	-1.303769	-1.015057	-1.405615	-1.657442	-1.386940	-1.344492
Proline	-0.507200	-0.678944	-0.406879	-0.636673	-0.544484	-0.653131	0.077968	-0.086771	0.082390	0.445339	0.507107	0.307232	-0.176253	-0.329723	-0.515511	-0.349720	-0.347435	-0.396890	0.095393	-0.011498	0.110205	-0.187267	-0.426477	-0.364792	-0.060433	-0.144977	0.003160	-0.432462	-0.436933	-0.227885	-0.817671	-0.641411	-1.024214	-1.245869	-1.088467	-0.993660
Serine	-0.770764	-0.851148	-0.425549	-0.932608	-0.736080	-0.907474	-0.368433	-0.243304	-0.345771	1.997034	0.226010	-0.111423	-0.574277	-0.585120	-0.733614	-0.773584	-0.664779	-0.494912	-0.294849	-0.332837	-0.337631	-0.525016	-0.597983	-0.738565	-0.489102	-0.477657	-0.438793	-0.690108	-0.566363	-0.507286	-1.021898	-0.804289	-1.047523	-1.405658	-1.030364	-1.097372
Threonine	-0.016434	-0.057319	0.030481	-0.106738	0.170407	-0.100949	0.490028	0.537975	0.488157	0.908617	1.204849	0.724095	0.233057	0.276994	0.004245	0.054948	0.277076	0.110637	0.587995	0.580319	0.558050	0.350780	0.216287	0.152510	0.365926	0.459465	0.482742	0.191485	0.278222	0.407384	-0.209087	0.109940	-0.279933	-0.583060	-0.275742	-0.302011
Glutamic acid	-3.077377	-3.176943	-2.683250	-2.928149	-2.899823	-3.107979	-2.378522	-2.442093	-2.300278	-2.359793	-2.054113	-2.203067	-2.703783	-2.564714	-2.538637	-2.685531	-2.826468	-2.685851	-2.525918	-2.563602	-2.010796	-2.873821	-2.553458	-2.652412	-2.611128	-2.385429	-2.170830	-3.158987	-2.874088	-3.014673	-3.532574	-3.203949	-3.653150	-3.792587	-3.789533	-3.839068
Phenylalanine	-1.395281	-1.290004	-1.325751	-1.415758	-1.098899	-1.406895	-0.822791	-0.713986	-0.744350	-0.414222	-0.082997	-0.614783	-1.076939	-1.042907	-1.374792	-1.276784	-1.000305	-1.181956	-0.732120	-0.734368	-0.950436	-0.833270	-1.191841	-1.155660	-0.959180	-0.930631	-0.953921	-0.954008	-0.901596	-0.820852	-1.448276	-1.059982	-1.473007	-1.749582	-1.504961	-1.417410
Asparagine	-1.586989	-1.538998	-1.485391	-1.597541	-1.367759	-1.585492	-1.027065	-0.992184	-0.971168	-0.821297	-0.430295	-0.778459	-1.267385	-1.239954	-1.381134	-1.410593	-1.329402	-1.370229	-0.926865	-1.011115	-0.980574	-1.201865	-1.285305	-1.382427	-1.133634	-1.074476	-1.070560	-1.383360	-1.263391	-1.190471	-1.737281	-1.490769	-1.715048	-2.042637	-1.832371	-1.823359
Glutamine	-3.593633	-3.358539	-3.522299	-3.571124	-3.169695	-3.642595	-2.969980	-2.788895	-2.951560	-3.192486	-2.108566	-2.751687	-3.256936	-3.005032	-3.551276	-3.455821	-3.042181	-3.417274	-2.863980	-2.736248	-2.990972	-3.049253	-3.135054	-3.398015	-3.100122	-2.890664	-3.031842	-3.186167	-3.028642	-3.028805	-3.613320	-3.173202	-3.765146	-4.036720	-3.614879	-3.767732
Lysine	-1.342633	-1.096731	-1.251301	-1.248379	-0.912409	-1.216392	-0.721285	-0.504457	-0.664469	-0.428352	0.150070	-0.466699	-0.962955	-0.802450	-1.356850	-1.244883	-0.820254	-1.088379	-0.629355	-0.517819	-0.954422	-0.685464	-0.980208	-1.024491	-0.853824	-0.697252	-0.803345	-0.781756	-0.741970	-0.612023	-1.233524	-0.856295	-1.220467	-1.572002	-1.226820	-1.230584
Tyrosine	0.969957	1.083743	1.034096	0.998579	1.312491	0.989256	1.498259	1.708674	1.567074	1.981039	2.314937	1.757304	1.256600	1.387782	0.959713	1.056233	1.405169	1.181182	1.635691	1.682374	1.384860	1.464983	1.285886	1.236834	1.346749	1.546934	1.421734	1.354583	1.469184	1.582079	0.930082	1.300181	0.921695	0.572836	0.883907	0.910368
Tryptophan	1.096861	1.265513	1.233930	1.151694	1.475014	1.081775	1.679153	1.791254	1.771554	2.289581	2.459708	1.919621	1.439657	1.555747	1.210645	1.273174	1.502217	1.302737	1.777884	1.800618	1.600130	1.596480	1.473802	1.295786	1.525465	1.733226	1.541718	1.492703	1.625393	1.708150	1.080603	1.474366	1.143367	0.743106	1.108542	1.019228
Glycine	0.731857	0.527765	1.069593	0.557161	0.582919	0.568128	1.185593	1.219188	1.273602	2.585633	1.563379	1.553865	1.037023	1.022707	0.995263	0.883846	0.818648	0.951396	1.387225	1.262880	1.720598	0.786207	0.882520	0.924754	1.215321	1.314099	1.450046	0.727750	0.750862	0.922198	0.272385	0.545263	0.106382	-0.012808	0.112830	0.023340
Methionine	4.876677	4.927787	4.777458	4.738475	5.224200	4.757778	5.307122	5.433782	5.479232	5.386403	6.022029	5.550146	5.108805	5.274865	4.747438	5.074013	5.463196	4.990404	5.441418	5.517387	5.205851	5.321945	4.999938	5.010112	5.242684	5.245789	5.207390	4.897301	5.372972	5.264030	4.683460	5.276268	4.709074	4.191374	4.648689	4.774929
beta-alanine	-5.171159	-6.074305	-5.772071	-5.765783	-6.062872	-5.473818	-5.490402	-5.965776	-5.411411	-6.030029	-5.801729	-5.243397	-5.423981	-6.340801	-5.154915	-5.465596	-6.135149	-5.673691	-5.275712	-6.060272	-5.157204	-5.784815	-5.375341	-5.808926	-5.086840	-5.674771	-5.485042	-5.941369	-6.075184	-6.245414	-5.902866	-6.656429	-5.642048	-6.000332	-6.402213	-6.163071
Pipecolic acid	-7.571289	-7.941912	-8.034432	-7.859874	-7.715735	-7.739864	-7.870764	-7.478943	-7.284874	-8.071957	-6.645154	-7.252378	-7.678164	-8.070128	-7.828634	-7.955980	-7.483479	-7.891629	-7.052969	-7.250959	-7.679866	-7.085265	-7.650001	-7.712388	-7.328037	-7.760245	-7.726680	-7.298988	-7.283302	-7.461861	-7.304825	-7.625318	-7.633589	-7.531560	-8.030894	-7.841103
L-histidine	-2.055927	-1.940927	-1.741264	-2.074595	-1.746407	-2.053855	-1.536736	-1.413416	-1.405583	0.007830	-0.688418	-1.275926	-1.795125	-1.614740	-1.960949	-1.921790	-1.669361	-1.701891	-1.403257	-1.424808	-1.605215	-1.602214	-1.736277	-1.852369	-1.715521	-1.491186	-1.609377	-1.738706	-1.620871	-1.500414	-2.120254	-1.727079	-2.049605	-2.396470	-2.013819	-2.185804
L-4-hydroxyproline	-5.732563	-5.526762	-5.436272	-5.695550	-5.501306	-5.519975	-4.936017	-4.873348	-4.813487	-5.132725	-4.550713	-4.642989	-5.233111	-5.172490	-5.529323	-5.449099	-5.301092	-5.471100	-5.059191	-4.924416	-4.845155	-5.190607	-5.309434	-5.222695	-5.184163	-5.032790	-4.879067	-5.611881	-5.360523	-5.094423	-5.752206	-5.389059	-5.828619	-6.353897	-6.097313	-5.828288
taurine	-0.861943	-1.250578	-0.368813	-0.987101	-1.232943	-1.119894	-0.201193	-0.382455	-0.248354	-0.327745	-0.554763	0.116409	-0.428514	-0.462626	-0.241952	-0.540860	-0.990427	-0.641374	-0.061232	-0.337339	0.753723	-1.149038	-0.404906	-0.392946	-0.148037	0.039068	0.273595	-1.103250	-1.030386	-0.973716	-1.441477	-1.345329	-1.985897	-2.017147	-2.392066	-2.735274
glycylglycine	-1.585197	-1.551353	-1.504826	-1.604233	-1.367467	-1.595732	-1.041023	-1.007238	-0.970320	-0.829337	-0.447626	-0.788406	-1.274141	-1.247670	-1.382318	-1.410193	-1.349842	-1.387496	-0.925241	-1.009812	-0.978110	-1.200165	-1.300911	-1.380238	-1.130812	-1.087317	-1.085970	-1.382185	-1.274326	-1.210437	-1.743209	-1.499040	-1.736481	-2.091380	-1.833595	-1.829221
L-arginine	-4.391215	-4.186866	-4.301828	-4.247709	-3.983434	-4.292673	-3.836667	-3.699798	-3.710902	-4.077146	-2.934809	-3.576518	-4.021869	-3.981473	-4.308541	-4.382741	-3.999653	-4.233572	-3.689233	-3.646636	-4.024136	-3.783573	-4.106204	-4.084334	-3.966615	-3.816673	-3.932238	-3.887481	-3.830217	-3.643777	-4.306400	-3.924868	-4.290900	-4.616305	-4.387328	-4.247515
L-homoserine	-2.289924	-3.088668	-2.456341	-2.440379	-2.917169	-2.965629	-2.048695	-2.758638	-2.153755	-2.542258	-2.128908	-1.932689	-2.517226	-3.130522	-1.764121	-2.424392	-2.997843	-2.681279	-1.986285	-2.933881	-1.439122	-3.090447	-2.176752	-2.867827	-2.268622	-2.639764	-2.535918	-2.896065	-3.074576	-3.010362	-3.427715	-3.789630	-2.945880	-3.754731	-4.053457	-3.600341
L-aspartic acid	-0.837389	-0.998186	-0.594596	-0.853458	-0.936071	-0.995380	-0.299036	-0.526426	-0.266443	0.696204	-0.172413	-0.107633	-0.652527	-0.503200	-0.568618	-0.791951	-0.827728	-0.577585	-0.033930	-0.132107	0.342099	-0.582203	-0.500443	-0.702690	-0.325087	-0.369679	0.079379	-0.507589	-0.312526	-0.428691	-0.793571	-0.337171	-0.968616	-0.942766	-0.834990	-1.120093
ethanolamine	-2.516020	-3.008520	-2.942181	-3.176895	-2.936750	-2.936691	-2.823479	-2.738083	-2.543634	-2.082831	-2.183779	-2.387599	-2.831293	-3.250360	-2.724970	-2.953576	-3.031045	-2.853238	-2.719558	-2.958471	-2.722844	-2.825374	-2.626503	-3.334101	-2.714631	-2.994464	-2.916712	-2.828953	-2.877488	-2.656280	-2.926281	-3.232328	-2.517778	-3.091873	-3.236650	-2.976827
L-methionine sulfoxide	-6.293967	-6.853571	-6.743181	-6.558141	-6.928684	-6.725591	-6.062081	-6.405148	-5.799968	-5.315798	-5.654040	-5.823379	-6.303706	-6.833986	-6.769631	-6.683015	-6.400035	-6.248514	-5.973973	-6.663707	-6.260755	-6.163622	-6.647934	-6.725027	-6.007074	-6.524809	-6.376467	-5.997004	-6.353766	-5.823754	-6.442540	-6.754406	-6.313499	-7.049357	-6.937424	-6.846474
gamma-aminobutyric acid	-2.538638	-2.858661	-1.567721	-2.417741	-2.486990	-2.442812	-1.595315	-1.805222	-1.461778	-1.678267	-1.895479	-0.898043	-1.973282	-1.874960	-1.388891	-1.960065	-2.248765	-1.804739	-1.963221	-2.017843	-0.584632	-2.501431	-1.824409	-1.509005	-1.545937	-1.096905	-0.832077	-2.720709	-2.158536	-2.114687	-2.798557	-2.527544	-3.325166	-3.056407	-3.213523	-3.457894
L-2-aminoadipic acid	-1.172674	-1.067786	-0.570007	-0.724831	-0.917011	-1.044804	-0.464759	-0.424048	-0.306284	-0.355704	-0.092439	-0.075445	-0.695394	-0.459855	-0.805687	-0.518197	-0.844211	-0.597459	-0.547438	-0.392565	-0.115153	-0.677577	-0.624328	-0.887004	-0.597280	-0.507433	-0.333377	-0.779446	-0.729517	-0.710639	-1.119750	-0.934202	-1.416746	-1.892081	-1.480817	-1.864393
L-alpha-aminobutyric acid	-1.545473	-1.385986	-1.362669	-1.810713	-1.436258	-1.455246	-0.942747	-0.852062	-0.815639	-0.896629	-0.272997	-0.686543	-1.166198	-1.322688	-1.437839	-1.270094	-1.337517	-1.374497	-0.875921	-0.784344	-0.839463	-1.000756	-1.312655	-1.208362	-1.097721	-0.975730	-1.002784	-0.977974	-1.187525	-0.958266	-1.716374	-1.438028	-1.527136	-1.664345	-1.788529	-1.669752
Ornithine	-5.114278	-5.452908	-3.647930	-5.309498	-5.285296	-4.972080	-5.147921	-4.260470	-4.860758	0.798692	-4.629978	-4.793535	-5.193049	-5.217124	-5.707164	-5.495889	-5.350916	-3.130898	-5.128401	-5.178222	-5.060960	-5.107404	-5.278955	-5.440689	-5.213553	-5.026742	-5.033206	-5.160323	-4.762743	-5.257398	-5.578181	-5.435722	-5.369748	-5.834817	-4.346430	-5.476153
5-hydroxy-L-tryptophan	-4.691592	-5.320415	-6.210615	-5.796307	-5.412474	-5.600503	-6.662764	-5.510794	-5.507963	-6.602391	-5.136674	-5.505310	-6.091835	-6.242354	-5.193323	-6.070567	-5.633504	-5.448683	-5.078523	-5.408577	-5.806758	-5.823802	-5.201804	-6.432379	-5.541571	-5.861294	-6.285166	-5.403305	-5.378347	-5.382297	-5.583867	-5.819657	-4.944539	-5.627316	-5.713642	-5.202213
putrescine	-1.017618	-1.308457	-0.622733	-0.662717	-0.892483	-1.017075	0.217895	0.059304	0.025154	-0.449569	-0.544126	0.227280	-0.462573	-0.414639	-0.341664	-0.512602	-0.956551	-0.552136	-0.195945	-0.508772	0.383695	-0.774898	-0.131535	-0.487521	0.342085	0.500712	0.656545	-2.133282	-1.913552	-2.037656	-3.570050	-3.475597	-3.723479	-4.574475	-4.975343	-5.101034
methyldopa	0.304936	-0.237367	0.835836	0.109863	0.176835	0.140907	0.959435	0.509335	1.048210	0.659229	0.347609	1.382048	0.680434	0.531271	1.118904	0.861747	0.263858	0.791341	2.089757	1.360183	3.019860	1.512714	1.867322	1.992761	2.314970	1.976986	2.577497	0.895302	1.380894	1.202021	1.289711	1.269503	0.764897	1.272598	0.654447	0.511931
Spermidine	5.870525	5.264506	6.479918	6.099804	5.838588	6.277266	7.149328	5.993150	6.655116	6.319414	6.992459	7.227576	6.286972	6.257882	6.602684	6.360898	6.069957	6.361538	6.218505	6.271246	6.912438	5.921149	6.303314	4.978760	5.014959	7.436935	6.627296	5.221407	5.819454	5.300763	4.817170	4.524047	5.273574	4.720246	4.499112	3.960484
Spermine	2.949016	2.027487	3.165340	3.205032	2.008935	2.829186	3.686503	1.858973	3.406318	2.824551	2.435334	3.959044	3.254773	2.318203	3.570335	3.059836	1.355574	3.118520	3.449486	2.238058	4.033409	2.669085	3.172293	3.124101	2.817120	3.174731	3.240108	1.997912	2.198872	2.076858	2.466562	0.199262	2.755066	1.782005	1.241715	1.090838
Pyruvic acid	3.296658	3.379280	3.384692	3.074038	3.456953	3.302610	3.822808	3.867861	3.736095	3.422744	4.527142	4.023931	3.606009	3.481080	3.291930	3.443540	3.617180	3.276122	3.904472	4.031413	3.577725	3.794925	3.492648	3.681915	3.490531	3.750368	3.632422	3.619730	3.783480	3.763032	3.199668	3.660354	3.237094	2.974667	3.297505	3.389291
Succinic acid	-0.573728	-0.613328	-0.486088	-0.848519	-0.291153	-1.044848	-0.086696	0.254852	-0.077187	-0.277806	0.775254	0.788280	-0.068569	-0.262393	-0.019600	0.128148	-0.308969	-0.514196	-0.165772	-0.219440	0.094381	-0.651181	0.089902	-0.095047	-0.562130	0.416246	-0.362232	-0.860223	-0.341192	-0.641568	-1.422189	-0.880954	-1.293904	-1.238129	-1.415839	-1.497562
Glyceric acid	-1.770797	-2.048883	-2.030283	-2.019217	-1.978259	-1.969121	-1.780898	-1.769447	-1.599050	-2.075714	-1.398113	-1.339716	-2.081796	-2.131627	-1.701574	-2.012489	-2.073782	-1.969745	-1.591711	-1.945999	-1.571721	-1.857210	-1.640621	-1.941068	-1.786399	-1.874978	-1.796635	-2.018745	-1.361006	-2.097572	-2.298743	-2.145613	-1.982827	-2.371312	-2.326439	-2.153068
Fumaric acid	0.532783	-0.618455	-0.025394	-0.303822	-0.387400	-0.298188	0.385879	0.123258	0.323289	0.083279	0.495907	0.718019	0.330672	-0.010244	0.340850	0.261824	-0.235909	0.019261	0.337625	-0.262030	0.390473	-0.512557	0.016590	-0.117951	0.461336	-0.029848	0.109717	-0.014198	-0.338646	-0.474931	-0.596055	-1.190097	-0.686342	-0.336034	-1.466881	-1.137493
Malic acid	-1.755258	-2.002991	-1.025762	-1.611338	-1.610312	-1.850967	-1.090664	-1.010237	-0.946090	-0.965722	-0.828963	-0.404884	-1.116144	-0.991176	-0.706116	-1.050995	-1.321659	-1.114145	-1.450920	-1.655578	-0.445879	-2.111228	-1.069531	-1.052142	-1.583137	-0.886541	-0.961860	-2.484539	-1.825176	-2.438901	-3.174201	-2.798779	-3.043480	-3.550937	-3.809863	-3.979888
Cysteine	2.474650	2.022162	1.760620	2.052747	2.170549	2.099030	2.258777	2.149103	2.291304	1.726688	2.624877	2.400511	2.255496	1.714133	2.257007	2.187029	2.105077	2.072217	2.514335	2.199031	2.080754	2.226257	2.413343	1.805126	2.442916	2.152161	2.010137	2.251466	2.223353	2.200699	2.088816	1.901410	2.144064	2.076825	1.883173	2.047541
Alpha-ketoglutaric acid	-1.207116	-1.318315	-0.544687	-0.757086	-1.165162	-0.872259	-0.205018	-0.417332	-0.029897	-0.607405	-1.798664	0.188779	-0.434413	-1.050057	0.049148	-0.851960	-1.374857	-0.433178	-0.429644	-0.612818	0.076713	-1.120980	-0.379358	-0.508556	-0.557227	-0.476654	-0.014806	-1.759913	-1.581167	-1.321754	-2.148618	-1.983664	-2.069026	-2.749195	-2.975630	-2.859890
Phosphoethanolamine	-0.043344	0.300221	0.864740	-0.216223	-0.211693	-0.671592	0.267642	0.572753	0.077328	0.039790	1.259053	0.935929	0.138509	0.993061	0.592529	0.123944	-0.279692	-0.218516	0.133668	1.111188	1.555674	-1.107215	0.067180	-0.047376	-0.395948	0.230284	0.619304	-0.865765	0.338436	0.321832	-0.736178	0.465703	0.644117	-0.188201	0.307059	-0.022335
Glyceric acid 3-phosphate	-4.454173	-5.325157	-5.979302	-5.814982	-5.504178	-5.933928	-5.355521	-4.938545	-5.543525	-5.858414	-4.907670	-5.282682	-5.746520	-5.342012	-5.880043	-5.431199	-5.685978	-6.021893	-5.389352	-5.553648	-5.117020	-5.475061	-5.648276	-5.954685	-5.543319	-5.693194	-5.399227	-5.578350	-5.597777	-5.667874	-6.045314	-5.593588	-6.117107	-6.223072	-6.105411	-6.136058
Citric acid	-5.298526	-5.656356	-5.003268	-5.514910	-5.917454	-5.619685	-4.616410	-5.471545	-4.655766	-5.041473	-5.301473	-4.462087	-5.274620	-5.112155	-4.773690	-5.587343	-5.681377	-5.220988	-4.550228	-4.970596	-4.234502	-5.547125	-5.325101	-5.615402	-4.881734	-5.136163	-4.455825	-5.596154	-5.486337	-5.170341	-5.731160	-5.800863	-6.013629	-6.721671	-6.592858	-6.520956
Glucose	4.854687	4.872607	5.188901	4.683655	5.047642	4.800922	5.111009	5.199315	5.299520	4.883517	5.884629	5.470362	4.969018	4.901765	4.750745	4.743650	5.048537	4.831892	5.318182	5.449780	4.982376	5.327965	5.024207	4.801295	5.131729	5.076474	5.036327	5.131084	5.193366	5.443782	4.802411	4.979875	4.857058	4.515073	4.722104	4.849048
Mannitol	-5.492788	-5.375857	-5.468977	-5.551652	-5.126124	-5.484368	-4.668339	-4.918039	-4.874411	-5.249568	-4.160214	-4.736307	-5.211831	-5.169717	-5.605440	-5.516200	-5.072964	-5.283918	-4.902067	-4.793813	-5.242913	-4.889113	-5.269549	-5.278704	-5.077238	-5.097341	-5.091487	-5.090266	-5.083214	-4.849247	-5.487724	-5.168448	-5.509475	-5.885495	-5.596542	-5.496095
Myo-inositol	-1.315803	-1.204031	-1.302785	-1.297991	-1.021776	-1.289476	-0.788173	-0.723804	-0.704536	-1.085559	-0.023161	-0.565653	-1.064323	-0.987226	-1.303379	-1.270786	-0.961021	-1.196650	-0.701247	-0.673000	-0.895685	-0.839615	-1.067323	-1.117564	-0.953536	-0.863231	-0.902872	-0.944078	-0.889870	-0.751052	-1.338362	-1.017718	-1.304187	-1.703832	-1.468443	-1.367242
Glucose-6-phosphate	-2.542336	-3.121228	-1.708538	-3.346801	-3.513019	-2.514324	-2.825125	-2.824219	-1.570052	-3.108225	-2.169716	-1.684163	-2.866619	-2.345441	-2.199171	-3.372507	-3.645812	-2.638196	-2.553797	-3.111119	-1.825078	-2.642512	-3.049346	-3.373676	-2.452806	-3.050962	-2.044651	-2.617882	-3.152037	-2.284196	-2.990355	-3.499342	-1.831162	-2.977042	-4.043404	-2.417704
Adenosine	1.811217	0.044704	1.904116	0.378722	-0.603010	0.551471	0.634552	-0.037321	1.124070	0.565567	0.036440	1.604449	0.914671	0.001303	1.340428	0.854432	-0.854513	0.232784	1.102115	-0.574288	0.714139	1.397904	-0.021976	0.043604	1.499440	-0.033232	0.777118	1.330238	-0.209589	0.169615	1.122545	-0.967930	1.609263	1.590977	-0.772025	0.833051
Lactic acid	7.186894	6.363540	6.233193	6.354182	6.402526	6.467706	6.715511	6.591189	6.842290	6.323251	7.759100	7.377699	6.939132	6.339213	6.378972	6.947931	6.513880	6.472364	6.937684	6.523331	6.403682	6.896006	6.513233	6.044500	7.299332	6.426670	6.437095	6.891414	6.612455	6.832354	6.797186	6.133984	6.603527	6.476592	6.013928	6.274363
Thymine	-3.759076	-4.480698	-5.185324	-4.434790	-5.629715	-4.022494	-4.153187	-4.503303	-3.198797	-4.448880	-3.955973	-2.799174	-4.349808	-3.885498	-3.547532	-4.556037	-5.841512	-3.961288	-3.795116	-6.373401	-3.452615	-4.172165	-5.823456	-4.891880	-4.202565	-5.369992	-3.566669	-4.139623	-4.838897	-4.021331	-4.287418	-5.149860	-3.830230	-4.431486	-6.277575	-4.471402
Cytosine	0.912501	-1.204785	-0.701738	-0.134913	-2.855289	-0.366125	-1.281571	-1.144243	-0.780774	-2.469835	-1.442788	-0.411222	-0.449118	-0.707818	0.407135	-0.964137	-2.717375	-1.449003	-1.695791	-1.692567	-1.614827	-1.857572	-2.187400	-2.823715	-0.312020	-1.602163	-1.465968	-0.915310	-0.773486	-1.368712	-0.169120	-1.451725	1.159568	2.360123	-1.664885	0.706358
Ribose-5-phosphate	-0.876582	-0.841675	-5.849666	-0.496455	-2.593013	-0.451101	-0.616399	-1.002407	-1.064574	-1.651950	-1.168136	-1.294982	-1.517269	-1.062445	0.114156	-1.196791	-2.122793	-1.345237	-0.361763	-4.417480	-0.521081	-2.134387	-2.784980	-2.346103	-2.330497	-1.436606	-1.441946	-2.072329	-1.301070	-1.858114	-1.635101	-1.769603	-1.201041	-1.218395	-3.342762	-1.783662
Fructose	5.146223	4.595010	4.543752	4.800337	4.719340	4.842910	5.108934	4.846668	5.285758	4.872957	5.972542	5.650513	5.196273	4.699672	4.494073	4.708159	4.789271	4.769182	5.356396	5.030491	4.503152	5.381388	4.602265	4.422665	5.522395	4.592642	4.844105	5.434378	4.879033	5.420905	5.121036	4.666571	5.015854	4.660583	4.413890	4.748692
Guanine	1.420285	0.463606	-2.860230	0.301461	-1.171123	0.040633	0.228065	-0.452447	-0.108992	-0.191613	-0.772208	0.133722	0.653853	-0.897711	0.410529	0.745737	-1.246734	-0.470171	0.753682	-0.519650	-0.707758	0.020348	-0.470434	-0.449246	0.650502	-0.813843	-0.355593	0.601629	-0.610673	-0.487606	0.875876	-1.471989	0.830219	2.197141	-1.169428	0.011026
Cholesterol	4.417607	4.684982	6.441366	4.373398	4.342045	4.340897	4.662673	5.332005	5.096025	4.086401	5.755850	5.475628	4.385428	5.206870	5.338185	4.511409	3.897538	4.617561	4.645244	5.314569	4.793255	3.804359	5.004275	4.150723	4.407673	5.364497	4.844628	3.801783	4.242540	3.619325	3.651536	4.298681	4.456287	3.766948	3.035861	3.012428
