#geneID:::miRNA	T00h	T02h	T06h	T12h	T18h	T24h
ENSMUSG00000000125:::mmu-miR-100-5p	-0.3082	0.5693	0.2811	-0.0635	-0.0917	0.9388
ENSMUSG00000000381:::mmu-miR-101-5p	-0.3707	-0.5693	-0.6789	-1.4833	-0.8109	-1.5358
ENSMUSG00000000579:::mmu-miR-102-5p	-0.4571	-0.1374	0.1932	-0.1520	-0.7960	0.0825
ENSMUSG00000000594:::mmu-miR-103-5p	1.0928	1.5734	1.5473	1.5765	2.1023	2.1958
ENSMUSG00000000791:::mmu-miR-104-5p	0.0779	-0.0093	0.3685	0.2242	-0.1436	-0.0588
ENSMUSG00000000876:::mmu-miR-105-5p	-0.1776	0.0351	0.0990	-0.0139	-0.1025	0.0012
ENSMUSG00000000889:::mmu-miR-106-5p	0.0810	0.1416	0.3289	0.3436	0.1882	-0.1025
ENSMUSG00000000938:::mmu-miR-107-5p	-0.8480	-0.0460	-0.0106	0.1098	0.2249	0.1154
ENSMUSG00000000982:::mmu-miR-108-5p	0.1148	-0.2052	0.2462	0.0590	-0.2530	-0.2785
ENSMUSG00000001023:::mmu-miR-109-5p	0.1086	0.3785	-0.6029	-0.6294	0.9832	-0.0378
ENSMUSG00000001506:::mmu-miR-110-5p	-0.4578	0.2189	-0.6440	0.4025	0.1976	-0.4603
ENSMUSG00000001663:::mmu-miR-111-5p	0.1403	-0.3889	0.7384	0.3047	0.7488	-0.1890
ENSMUSG00000002014:::mmu-miR-112-5p	0.1294	1.1502	-0.1568	0.1747	0.6255	-0.2988
ENSMUSG00000002033:::mmu-miR-113-5p	0.6663	-0.2728	0.0576	-0.4010	0.0099	0.0833
ENSMUSG00000002249:::mmu-miR-114-5p	0.1528	-0.1126	-0.0863	-0.3324	0.3643	-0.2292
ENSMUSG00000002489:::mmu-miR-115-5p	0.5419	-1.0012	-0.5672	-0.3634	0.3347	-0.2925
ENSMUSG00000002603:::mmu-miR-116-5p	0.7993	-0.1862	-0.0022	-0.1034	-0.0342	-0.1923
ENSMUSG00000002748:::mmu-miR-117-5p	0.4487	-0.7127	0.3389	0.1683	-0.0198	-0.0814
ENSMUSG00000002771:::mmu-miR-118-5p	-0.3126	0.2954	-0.0256	-0.1893	0.1539	0.0134
ENSMUSG00000002983:::mmu-miR-119-5p	-0.5720	-0.1840	0.7086	0.6100	0.4184	-0.0317
ENSMUSG00000003233:::mmu-miR-120-5p	-0.1848	0.2107	0.0880	-0.1545	0.0825	-0.0402
ENSMUSG00000003500:::mmu-miR-121-5p	0.2539	-0.2313	0.3811	0.1621	-0.7879	-0.0804
ENSMUSG00000003545:::mmu-miR-122-5p	-0.0565	0.0580	0.5849	0.1042	0.7561	0.0938
ENSMUSG00000003575:::mmu-miR-123-5p	0.1785	0.7254	-0.3242	0.3422	-0.3503	-0.0705
ENSMUSG00000003779:::mmu-miR-124-5p	-0.1960	-0.1337	0.4156	-0.0999	-0.6220	-0.1473
ENSMUSG00000003808:::mmu-miR-125-5p	-0.3831	-0.6503	-1.3565	-1.3682	-1.3820	-1.7097
ENSMUSG00000003849:::mmu-miR-126-5p	-0.1671	-0.2216	-0.1701	-0.1933	0.3766	0.2365
ENSMUSG00000004032:::mmu-miR-127-5p	-0.0281	-0.9141	-0.1766	0.1137	-0.3102	-0.5474
ENSMUSG00000004035:::mmu-miR-128-5p	0.7513	0.5854	0.0940	0.1021	-0.1246	-0.4005
ENSMUSG00000004069:::mmu-miR-129-5p	0.2174	-0.1459	-0.4974	-0.0494	-0.2239	0.0661
ENSMUSG00000004070:::mmu-miR-130-5p	-0.2644	-0.2497	0.3909	-0.0531	0.1321	0.2644
ENSMUSG00000004347:::mmu-miR-131-5p	-0.2453	0.0217	0.1433	-0.1605	-0.0358	-0.2292
ENSMUSG00000004591:::mmu-miR-132-5p	0.3074	-0.8828	0.3578	-0.2017	0.2285	-0.3446
ENSMUSG00000004771:::mmu-miR-133-5p	-0.5712	-0.2084	-0.3204	0.0229	-0.4300	0.1860
ENSMUSG00000004880:::mmu-miR-134-5p	0.0723	-0.3757	0.2517	-0.1587	0.3323	-0.3727
ENSMUSG00000005198:::mmu-miR-135-5p	-0.3277	0.0498	0.1127	-0.0788	-0.1613	0.1386
ENSMUSG00000005338:::mmu-miR-136-5p	-0.3230	-0.4321	0.2547	-0.2682	0.7329	0.3926
ENSMUSG00000005469:::mmu-miR-137-5p	0.5084	-0.3437	0.3930	0.0037	-0.8127	-0.0540
ENSMUSG00000005667:::mmu-miR-138-5p	0.3469	-0.1942	0.5205	0.0571	0.3350	-0.5539
ENSMUSG00000005681:::mmu-miR-139-5p	-0.5817	-0.9350	-0.6691	-1.0706	-1.0465	-1.8327
ENSMUSG00000005947:::mmu-miR-140-5p	0.5524	-0.3740	-0.4238	0.7153	0.1285	0.2372
ENSMUSG00000005958:::mmu-miR-141-5p	0.1502	0.2068	-0.0684	-0.6223	0.2810	0.2077
ENSMUSG00000005981:::mmu-miR-142-5p	-0.3205	0.3303	-0.6285	-0.0602	-0.0883	0.4807
ENSMUSG00000006390:::mmu-miR-143-5p	-0.4636	-1.6247	-1.6147	-0.8627	-1.3761	-1.3776
ENSMUSG00000006585:::mmu-miR-144-5p	-0.2033	-1.8903	-0.3557	-0.9197	-0.7689	-1.5931
ENSMUSG00000006740:::mmu-miR-145-5p	-0.3257	-0.5951	0.0901	0.3015	0.0097	-0.3622
ENSMUSG00000007338:::mmu-miR-146-5p	-0.2915	-0.0646	-0.2485	0.5295	0.1491	0.2228
ENSMUSG00000007783:::mmu-miR-147-5p	-0.2154	0.1424	-0.1675	0.4451	-0.0244	-0.4276
ENSMUSG00000008822:::mmu-miR-148-5p	-0.1148	0.7478	-0.7774	0.0991	-0.1907	-0.2904
ENSMUSG00000009092:::mmu-miR-149-5p	0.1141	-0.1497	0.2791	0.2042	0.1447	-0.1163
ENSMUSG00000009112:::mmu-miR-150-5p	0.1105	-0.0897	-1.1510	-0.2870	-0.6669	-0.3078
ENSMUSG00000009185:::mmu-miR-151-5p	0.8286	0.5540	-0.1157	0.1289	0.2387	0.2968
ENSMUSG00000009549:::mmu-miR-152-5p	0.2956	0.4965	0.3782	-0.4062	0.0357	-0.1271
ENSMUSG00000009900:::mmu-miR-153-5p	0.0516	-0.0466	-0.3803	0.4288	-0.2895	-0.2392
ENSMUSG00000010529:::mmu-miR-154-5p	-0.9044	0.0983	-0.4874	-0.2663	0.2612	0.5178
ENSMUSG00000011752:::mmu-miR-155-5p	0.0564	-0.0050	0.1550	0.2232	0.1812	-0.3413
ENSMUSG00000012535:::mmu-miR-156-5p	-0.1989	0.0813	0.3781	-0.7386	0.4113	-0.0864
ENSMUSG00000013415:::mmu-miR-157-5p	-0.4908	0.2503	0.1502	0.1931	0.1336	0.2218
ENSMUSG00000013936:::mmu-miR-158-5p	0.8294	-0.1293	0.5972	0.6353	-0.1813	0.2478
ENSMUSG00000014349:::mmu-miR-159-5p	0.2367	0.3807	0.4518	1.2738	1.5195	1.6863
ENSMUSG00000014355:::mmu-miR-160-5p	-0.1959	-0.9221	-0.7149	-0.3595	0.2839	-0.3151
ENSMUSG00000014554:::mmu-miR-161-5p	0.1781	0.0094	-0.5086	-0.4931	-0.3442	0.1492
ENSMUSG00000015016:::mmu-miR-162-5p	-0.5952	0.7435	0.1431	0.3796	-0.2982	-0.7310
ENSMUSG00000015023:::mmu-miR-163-5p	-0.2995	0.7017	-0.7022	-0.1985	0.3942	0.2571
ENSMUSG00000015083:::mmu-miR-164-5p	0.3273	-0.3052	-0.3386	0.6633	-0.0817	-0.2858
ENSMUSG00000015149:::mmu-miR-165-5p	0.2665	0.0895	-0.2808	-0.2873	0.0980	-0.1883
ENSMUSG00000015222:::mmu-miR-166-5p	-0.2517	-0.5631	0.1663	0.0038	-0.1000	-0.1778
ENSMUSG00000015619:::mmu-miR-167-5p	-0.0766	-0.1978	-0.2880	-0.0715	-0.0565	-0.2519
ENSMUSG00000015750:::mmu-miR-168-5p	0.2826	-0.1646	-0.0405	-0.1027	-0.3011	0.7060
ENSMUSG00000015806:::mmu-miR-169-5p	1.0881	0.4773	0.9721	1.5296	1.5981	1.0564
ENSMUSG00000016024:::mmu-miR-170-5p	-0.4112	0.6081	0.2648	0.6108	0.1507	-0.0635
ENSMUSG00000016541:::mmu-miR-171-5p	-0.3552	-0.1083	-0.4702	0.0449	0.0668	0.3135
ENSMUSG00000016833:::mmu-miR-172-5p	-0.1490	0.4149	-0.1791	-0.4023	0.2040	0.0205
ENSMUSG00000017831:::mmu-miR-173-5p	-0.4153	0.2870	0.2159	0.0473	0.4841	0.5326
ENSMUSG00000018008:::mmu-miR-174-5p	-0.6377	0.0201	-0.7340	0.5138	0.3149	-0.2357
ENSMUSG00000018189:::mmu-miR-175-5p	-0.0872	-0.3360	0.0569	-0.2687	-0.3618	-0.0651
ENSMUSG00000018341:::mmu-miR-176-5p	0.2171	0.0255	0.3772	0.0010	0.1778	-0.0236
ENSMUSG00000018363:::mmu-miR-177-5p	-0.0898	0.5529	-0.0203	-0.0421	0.5464	-0.1345
ENSMUSG00000018398:::mmu-miR-178-5p	-0.3942	-0.1562	-0.4866	-0.4955	-0.2084	-0.0632
ENSMUSG00000018548:::mmu-miR-179-5p	-0.1120	-0.2417	-0.3147	0.5662	0.1034	0.0412
ENSMUSG00000018841:::mmu-miR-180-5p	0.1745	-0.0743	0.5304	-0.0324	-0.0152	0.2308
ENSMUSG00000018849:::mmu-miR-181-5p	-0.4927	0.2113	-0.2875	0.0809	0.4685	0.3140
ENSMUSG00000018907:::mmu-miR-182-5p	1.2763	1.2453	0.8296	0.8481	1.7406	1.6004
ENSMUSG00000018909:::mmu-miR-183-5p	-0.0494	-0.3450	0.1687	0.0441	0.1889	-0.7551
ENSMUSG00000019254:::mmu-miR-184-5p	0.5287	-0.1097	-0.0905	-0.1546	0.4966	-0.0252
ENSMUSG00000019370:::mmu-miR-185-5p	-0.0464	-0.0767	0.2193	0.5079	0.0888	-0.2678
ENSMUSG00000019810:::mmu-miR-186-5p	0.2809	-0.1491	-0.5914	0.2709	0.2787	-0.1249
ENSMUSG00000019979:::mmu-miR-187-5p	-0.1892	0.1932	0.1973	0.0961	0.5824	-0.1681
ENSMUSG00000020009:::mmu-miR-188-5p	-0.4266	-0.1674	-0.3149	-0.1964	-0.0262	-0.0124
ENSMUSG00000020085:::mmu-miR-189-5p	0.3836	-0.4659	-0.0285	-0.0786	-0.1070	-0.6379
ENSMUSG00000020163:::mmu-miR-190-5p	0.2737	0.3491	-0.2289	0.1026	-0.4935	0.0938
ENSMUSG00000020170:::mmu-miR-191-5p	-0.4666	0.2495	0.0774	-0.4158	-0.0934	0.8406
ENSMUSG00000020171:::mmu-miR-192-5p	-0.5650	0.0050	0.4932	0.1078	0.0869	0.4070
ENSMUSG00000020178:::mmu-miR-193-5p	0.4972	-0.3960	-0.5807	-0.1529	-0.2275	0.1550
ENSMUSG00000020184:::mmu-miR-194-5p	0.1398	0.0650	0.0240	0.2447	0.1443	0.1344
ENSMUSG00000020248:::mmu-miR-195-5p	0.2898	0.1099	0.0276	0.1561	0.3273	-0.6450
ENSMUSG00000020372:::mmu-miR-196-5p	0.4711	-0.0820	0.0840	0.0865	-0.4285	-0.1192
ENSMUSG00000020436:::mmu-miR-197-5p	0.2125	0.2676	0.2705	-0.1698	0.0114	0.6920
ENSMUSG00000020456:::mmu-miR-198-5p	0.2930	0.6444	-0.3862	0.0330	0.0768	-0.7459
ENSMUSG00000020460:::mmu-miR-199-5p	-0.3207	-0.8411	-1.0550	-1.3250	-1.1458	-1.5020
ENSMUSG00000020561:::mmu-miR-200-5p	0.1370	0.0977	0.1753	-0.0866	-0.4133	-0.2980
ENSMUSG00000020566:::mmu-miR-201-5p	-0.3329	-0.0331	0.1076	0.2985	-0.0797	-0.0715
ENSMUSG00000020594:::mmu-miR-202-5p	0.1611	-0.4519	0.0994	-0.1693	-0.2988	-0.4607
ENSMUSG00000020612:::mmu-miR-203-5p	-0.4944	-0.1371	-0.4182	-0.5502	-0.1492	-0.0947
ENSMUSG00000020620:::mmu-miR-204-5p	0.6712	0.6218	0.9538	1.5758	1.8127	1.9463
ENSMUSG00000020704:::mmu-miR-205-5p	0.4293	0.1672	0.0501	0.7709	-0.0229	-0.2865
ENSMUSG00000020720:::mmu-miR-206-5p	-0.8158	-0.8393	-1.1421	-0.5660	-0.9342	-1.5351
ENSMUSG00000020723:::mmu-miR-207-5p	-0.3828	0.0441	-0.1900	-0.2620	0.0904	0.2456
ENSMUSG00000020787:::mmu-miR-208-5p	0.5074	-0.3737	0.6152	0.2253	-0.1968	0.1590
ENSMUSG00000020929:::mmu-miR-209-5p	0.4387	0.0219	-0.0502	-0.3835	-0.0404	0.1960
ENSMUSG00000020955:::mmu-miR-210-5p	-0.3795	0.3236	0.3405	-0.6889	0.0507	-0.0476
ENSMUSG00000021003:::mmu-miR-211-5p	-0.3900	0.0417	-0.6494	-0.6187	-1.4881	-1.4236
ENSMUSG00000021221:::mmu-miR-212-5p	-0.1192	0.2321	0.0933	0.4832	0.2829	0.3430
ENSMUSG00000021238:::mmu-miR-213-5p	0.2776	0.4954	0.1438	0.3144	0.4457	0.4199
ENSMUSG00000021250:::mmu-miR-214-5p	-0.5126	-0.7211	-0.0662	0.0625	0.3560	-0.4578
ENSMUSG00000021264:::mmu-miR-215-5p	-0.1152	-0.0401	-0.2908	-0.2823	-0.7795	-0.1852
ENSMUSG00000021375:::mmu-miR-216-5p	-0.2808	-0.1443	0.1507	0.0097	-0.3619	-0.5580
ENSMUSG00000021453:::mmu-miR-217-5p	0.1389	0.4684	-0.0974	-0.3007	0.1097	0.1997
ENSMUSG00000021466:::mmu-miR-218-5p	0.2868	0.0664	0.3177	0.3904	-0.5082	0.7006
ENSMUSG00000021514:::mmu-miR-219-5p	0.3059	-0.0092	0.1154	-0.2476	0.3327	-0.1518
ENSMUSG00000021549:::mmu-miR-220-5p	0.3766	-0.0749	0.3969	-0.7877	0.6746	-0.1295
ENSMUSG00000021640:::mmu-miR-221-5p	0.1205	-0.4667	0.4504	0.0745	0.0135	0.1426
ENSMUSG00000021668:::mmu-miR-222-5p	-0.0616	0.1505	-0.0896	0.3809	0.1062	-0.0192
ENSMUSG00000021701:::mmu-miR-223-5p	0.2032	0.0661	0.2679	-0.1136	-0.8911	-0.3720
ENSMUSG00000021709:::mmu-miR-224-5p	0.1578	0.0365	-0.5793	0.0705	-0.6733	0.4203
ENSMUSG00000021760:::mmu-miR-225-5p	1.2443	1.0355	1.1307	0.9383	1.5741	1.1279
ENSMUSG00000021782:::mmu-miR-226-5p	-0.3038	0.0967	-0.2385	0.0188	-0.0017	0.1685
ENSMUSG00000021796:::mmu-miR-227-5p	0.0536	-0.3843	-0.3924	-0.1061	-0.0188	-0.2756
ENSMUSG00000021798:::mmu-miR-228-5p	0.4937	0.5079	0.1029	0.3491	0.3075	-0.1075
ENSMUSG00000021832:::mmu-miR-229-5p	-0.0630	-0.5684	0.4975	-0.2268	-0.0826	-0.4527
ENSMUSG00000021866:::mmu-miR-230-5p	-0.6759	-0.0053	0.1735	0.0785	0.0603	0.0843
ENSMUSG00000021884:::mmu-miR-231-5p	-0.4808	-0.5658	-0.5096	-0.6277	-1.5944	-1.4272
ENSMUSG00000021911:::mmu-miR-232-5p	0.2631	0.3384	0.4417	0.0324	-0.1847	0.4351
ENSMUSG00000021944:::mmu-miR-233-5p	0.0204	-0.6261	0.3471	-0.3610	-0.7241	0.2023
ENSMUSG00000021947:::mmu-miR-234-5p	-0.1291	0.5893	-0.1890	0.6269	-0.4593	0.3040
ENSMUSG00000022037:::mmu-miR-235-5p	-0.7378	-1.6333	-0.8232	-1.0599	-0.9272	-0.7963
ENSMUSG00000022090:::mmu-miR-236-5p	-0.1474	0.1116	-0.2161	0.0988	0.3625	0.3580
ENSMUSG00000022186:::mmu-miR-237-5p	0.4777	0.2929	-0.1979	-0.2446	-0.2212	0.0222
ENSMUSG00000022206:::mmu-miR-238-5p	0.3105	0.1951	-0.7794	0.2259	0.2309	0.4902
ENSMUSG00000022218:::mmu-miR-239-5p	-0.3521	-0.9958	-1.9206	-2.1631	-0.9294	-1.9801
ENSMUSG00000022261:::mmu-miR-240-5p	-0.4286	-0.4926	0.1370	-0.3164	0.3408	0.5496
ENSMUSG00000022297:::mmu-miR-241-5p	-0.1429	0.0870	-0.2381	0.0893	0.0496	-0.6434
ENSMUSG00000022309:::mmu-miR-242-5p	-0.2369	0.5494	-0.5747	0.5384	0.0228	-0.0435
ENSMUSG00000022325:::mmu-miR-243-5p	0.0417	-0.2341	0.6357	0.1847	-0.0248	0.3007
ENSMUSG00000022351:::mmu-miR-244-5p	0.6164	0.5893	0.1998	-0.4953	0.1081	0.0605
ENSMUSG00000022365:::mmu-miR-245-5p	0.3134	0.0784	0.3579	-0.3019	-0.0244	-0.3695
ENSMUSG00000022377:::mmu-miR-246-5p	-0.0992	0.0032	0.2991	-0.2131	0.1508	0.4977
ENSMUSG00000022428:::mmu-miR-247-5p	-0.0898	0.0402	-0.2553	-0.0010	-0.4218	0.4183
ENSMUSG00000022433:::mmu-miR-248-5p	-0.4445	0.3952	-0.4451	-0.3513	-0.6033	-0.2560
ENSMUSG00000022450:::mmu-miR-249-5p	-0.6319	0.3244	-0.1222	0.9646	0.2279	-0.2478
ENSMUSG00000022504:::mmu-miR-250-5p	-0.0705	-0.3766	-0.9007	0.1788	-0.2783	0.0138
ENSMUSG00000022512:::mmu-miR-251-5p	-1.3339	-0.9001	-1.2866	-1.5864	-2.0797	-1.6950
ENSMUSG00000022574:::mmu-miR-252-5p	0.3334	-0.2729	1.2080	0.9504	0.7393	1.6385
ENSMUSG00000022610:::mmu-miR-253-5p	-0.0425	-0.5185	0.4452	-0.1693	-0.2874	-0.3546
ENSMUSG00000022742:::mmu-miR-254-5p	0.4725	-0.0601	0.7108	-0.3166	-0.2700	0.0623
ENSMUSG00000022770:::mmu-miR-255-5p	0.0648	0.2127	0.5683	-0.2657	-0.2314	-0.3855
ENSMUSG00000022808:::mmu-miR-256-5p	-0.6321	-0.2562	0.0622	0.4461	-0.3764	0.1062
ENSMUSG00000022858:::mmu-miR-257-5p	0.7460	0.1453	0.1018	-0.0513	0.0434	-0.6874
ENSMUSG00000022881:::mmu-miR-258-5p	-0.1313	0.1576	-0.0359	-0.1042	-0.1455	-0.0071
ENSMUSG00000022885:::mmu-miR-259-5p	0.0935	0.2399	-0.2192	0.1550	-0.0813	-0.5214
ENSMUSG00000022889:::mmu-miR-260-5p	0.5066	0.4613	0.1510	-0.1735	-0.0225	-0.2042
ENSMUSG00000022952:::mmu-miR-261-5p	0.3262	-0.2254	-0.4351	0.1391	0.3007	-0.4692
ENSMUSG00000022997:::mmu-miR-262-5p	-0.6543	-0.1206	-0.1467	0.1504	0.2990	-0.2839
ENSMUSG00000023192:::mmu-miR-263-5p	-0.4129	-0.3207	0.3658	0.6471	0.2891	-0.6263
ENSMUSG00000023249:::mmu-miR-264-5p	0.3071	0.0081	-0.6148	0.0759	0.6212	-0.4182
ENSMUSG00000023349:::mmu-miR-265-5p	-0.1456	0.5152	0.6038	-0.4079	0.1891	-0.2860
ENSMUSG00000023443:::mmu-miR-266-5p	0.3294	0.8987	0.4331	1.2096	1.1613	1.3091
ENSMUSG00000023452:::mmu-miR-267-5p	-0.4964	-0.4286	0.1158	0.2758	0.0062	-0.4268
ENSMUSG00000023829:::mmu-miR-268-5p	-0.1898	-0.8189	-0.0755	-0.4063	0.3703	-0.1278
ENSMUSG00000023915:::mmu-miR-269-5p	0.3227	0.4159	0.8712	0.0723	0.3382	-0.3579
ENSMUSG00000023932:::mmu-miR-270-5p	-0.3520	-0.4578	-0.5651	0.2833	0.5908	0.3663
ENSMUSG00000023951:::mmu-miR-271-5p	0.1589	0.2320	0.0827	0.2147	0.1833	0.0835
ENSMUSG00000023953:::mmu-miR-272-5p	-0.3137	-0.4341	-0.5073	-0.3746	-0.2462	0.1401
ENSMUSG00000023979:::mmu-miR-273-5p	-0.5740	0.5427	0.0345	0.1535	0.6959	-0.1578
ENSMUSG00000023980:::mmu-miR-274-5p	0.4724	-0.0048	-0.2288	-0.2907	0.0479	0.0654
ENSMUSG00000024027:::mmu-miR-275-5p	-0.2310	-0.4215	0.4539	-0.0693	-0.3103	-0.6131
ENSMUSG00000024042:::mmu-miR-276-5p	0.2129	-0.4721	0.4749	0.5683	0.4216	0.4262
ENSMUSG00000024056:::mmu-miR-277-5p	0.2865	0.0459	-0.1050	-0.2991	0.6576	-0.3616
ENSMUSG00000024112:::mmu-miR-278-5p	-0.6203	-0.5067	-0.4961	-1.5385	-1.1048	-1.6148
ENSMUSG00000024131:::mmu-miR-279-5p	-0.3225	-0.0251	0.1321	0.2215	-0.3898	0.6052
ENSMUSG00000024145:::mmu-miR-280-5p	-0.0351	-0.6067	0.1282	-0.1410	0.5524	0.0123
ENSMUSG00000024173:::mmu-miR-281-5p	0.1908	0.4512	-0.0075	-0.3624	-0.0846	0.2614
ENSMUSG00000024210:::mmu-miR-282-5p	0.4207	0.2942	-0.2850	0.0808	0.0050	0.1262
ENSMUSG00000024225:::mmu-miR-283-5p	0.4477	0.1285	-0.2402	-0.4761	0.3676	-0.2149
ENSMUSG00000024301:::mmu-miR-284-5p	0.0227	-0.0691	-0.1776	-0.2421	-0.0608	0.0415
ENSMUSG00000024399:::mmu-miR-285-5p	-0.4418	-0.1701	0.3900	-0.0869	-0.2401	-0.1681
ENSMUSG00000024402:::mmu-miR-286-5p	-0.0575	0.3163	0.0402	0.4984	-0.7789	-0.4033
ENSMUSG00000024525:::mmu-miR-287-5p	-0.3393	0.1623	-0.2721	0.0084	0.0137	0.6034
ENSMUSG00000024620:::mmu-miR-288-5p	0.2045	0.8983	-0.0956	0.3923	-0.4353	-0.2602
ENSMUSG00000024654:::mmu-miR-289-5p	-0.2595	0.0307	0.0519	0.2169	-0.1038	0.1091
ENSMUSG00000024727:::mmu-miR-290-5p	-0.5122	-0.3205	0.2479	-0.5244	0.0163	0.4851
ENSMUSG00000024847:::mmu-miR-291-5p	0.6044	-0.4596	0.3134	0.3816	-0.6825	0.2550
ENSMUSG00000024870:::mmu-miR-292-5p	-0.1116	0.1943	-0.1688	-0.4271	-0.6778	-0.4119
ENSMUSG00000024887:::mmu-miR-293-5p	0.9862	1.3550	0.8540	1.3421	1.8539	1.3516
ENSMUSG00000024925:::mmu-miR-294-5p	0.6731	0.4669	0.1163	0.4206	-0.3860	-0.0633
ENSMUSG00000024927:::mmu-miR-295-5p	-0.7333	-0.7567	-1.0610	-0.8636	-0.2816	-1.0707
ENSMUSG00000024935:::mmu-miR-296-5p	0.2169	-0.0492	-0.4577	0.4442	-0.9273	0.1016
ENSMUSG00000025003:::mmu-miR-297-5p	0.1516	-0.0151	-0.0971	0.4724	-0.2421	-0.1836
ENSMUSG00000025024:::mmu-miR-298-5p	0.2036	-0.1893	-0.6781	-0.4653	0.0214	-0.2627
ENSMUSG00000025142:::mmu-miR-299-5p	0.4080	0.6093	0.3817	-0.4102	0.0094	0.1039
ENSMUSG00000025234:::mmu-miR-300-5p	0.0343	-0.3817	-0.2587	-0.1181	-0.1939	0.5624
ENSMUSG00000025317:::mmu-miR-301-5p	0.0284	0.0487	0.1304	0.4795	0.4096	-0.4511
ENSMUSG00000025401:::mmu-miR-302-5p	0.2486	-0.3527	0.1839	0.3265	0.2727	0.6261
ENSMUSG00000025410:::mmu-miR-303-5p	-0.0079	0.1775	0.2211	-0.0432	0.1680	-0.1954
ENSMUSG00000025422:::mmu-miR-304-5p	0.2411	0.2872	-0.1685	-0.2772	0.5724	-0.3621
ENSMUSG00000025503:::mmu-miR-305-5p	0.5215	-0.3502	0.3386	0.4095	0.7713	0.4578
ENSMUSG00000025532:::mmu-miR-306-5p	-0.5499	0.1768	0.4347	0.1147	-0.6497	-0.4148
ENSMUSG00000025578:::mmu-miR-307-5p	0.2395	-0.8017	0.4601	-0.0960	-0.5904	-0.3321
ENSMUSG00000025584:::mmu-miR-308-5p	0.1396	-0.1024	-0.1354	-0.0953	0.2477	-0.1269
ENSMUSG00000025737:::mmu-miR-309-5p	-0.0636	0.1530	0.1797	0.0277	-0.8800	0.0869
ENSMUSG00000025872:::mmu-miR-310-5p	-0.1097	0.1204	0.2422	-0.5545	-0.4837	0.1596
ENSMUSG00000025880:::mmu-miR-311-5p	0.4890	0.2168	0.0474	-0.3200	0.0424	0.7810
ENSMUSG00000025902:::mmu-miR-312-5p	-0.0412	0.2178	-0.6135	0.6406	-0.4584	1.2296
ENSMUSG00000025929:::mmu-miR-313-5p	-0.2547	-0.2494	-0.0763	0.0677	-0.5746	-0.9921
ENSMUSG00000026024:::mmu-miR-314-5p	-0.1899	0.1603	0.0727	0.0037	0.1533	0.6961
ENSMUSG00000026069:::mmu-miR-315-5p	-0.0212	-0.2466	-0.0751	-0.1685	0.2559	-0.3598
ENSMUSG00000026082:::mmu-miR-316-5p	0.0139	0.1183	0.3373	0.1597	0.3258	-0.1146
ENSMUSG00000026167:::mmu-miR-317-5p	-0.0088	0.3330	-0.2451	-0.2487	-0.1068	0.0461
ENSMUSG00000026187:::mmu-miR-318-5p	-0.0581	-0.7617	0.5031	-0.3576	0.1881	-0.1641
ENSMUSG00000026208:::mmu-miR-319-5p	0.5651	-0.3440	-0.5421	0.0449	0.2378	0.1980
ENSMUSG00000026241:::mmu-miR-320-5p	-0.1022	0.5115	0.5295	0.0676	0.5116	0.3279
ENSMUSG00000026253:::mmu-miR-321-5p	-0.3925	0.2762	0.1803	-0.5210	-0.1406	0.2816
ENSMUSG00000026280:::mmu-miR-322-5p	0.2762	-0.3577	-0.0723	-0.1466	-0.2018	-0.0655
ENSMUSG00000026439:::mmu-miR-323-5p	-0.8163	0.3446	0.2464	-0.0476	0.3988	-0.0103
ENSMUSG00000026456:::mmu-miR-324-5p	-0.8772	-1.4640	-1.2152	-1.5254	-2.2267	-1.8668
ENSMUSG00000026470:::mmu-miR-325-5p	-0.2553	0.0994	-0.4749	-0.7819	0.0505	0.1065
ENSMUSG00000026482:::mmu-miR-326-5p	0.2498	0.3770	0.1466	-0.2200	-0.2685	0.3809
ENSMUSG00000026565:::mmu-miR-327-5p	-0.2491	0.3951	-0.8510	-0.4256	0.6029	0.4218
ENSMUSG00000026822:::mmu-miR-328-5p	0.5463	0.0060	-0.5106	-0.3152	-0.0500	-0.1274
ENSMUSG00000026828:::mmu-miR-329-5p	0.4396	0.1434	-0.1046	-0.0264	-0.2725	-0.1605
ENSMUSG00000026860:::mmu-miR-330-5p	-0.1974	0.5276	0.0571	-0.0802	-0.3173	-0.4647
ENSMUSG00000026923:::mmu-miR-331-5p	-0.1632	-0.1279	0.2726	0.2181	-0.4965	0.1742
ENSMUSG00000026956:::mmu-miR-332-5p	-1.2081	-1.1832	-1.0611	-1.9333	-1.5234	-1.9244
ENSMUSG00000026981:::mmu-miR-333-5p	0.1944	-0.1153	-0.4925	-0.4137	-0.2242	0.0145
ENSMUSG00000026994:::mmu-miR-334-5p	-0.4762	-0.0983	-0.6909	-0.0245	-0.4353	0.1004
ENSMUSG00000027011:::mmu-miR-335-5p	-0.3179	0.9030	0.3562	0.1087	-0.0830	0.3562
ENSMUSG00000027012:::mmu-miR-336-5p	-0.0625	0.0043	-0.0253	-0.2696	-0.3342	-0.5712
ENSMUSG00000027115:::mmu-miR-337-5p	0.0671	0.3719	0.3857	0.3161	0.2917	0.0669
ENSMUSG00000027198:::mmu-miR-338-5p	-0.7432	-0.0116	-0.2760	0.1927	-0.2482	0.4611
ENSMUSG00000027207:::mmu-miR-339-5p	-0.5224	0.2257	-0.1918	-0.1742	0.0336	0.0947
ENSMUSG00000027244:::mmu-miR-340-5p	0.4948	0.2887	-0.2191	-0.3596	0.2742	-0.2930
ENSMUSG00000027293:::mmu-miR-341-5p	0.4089	-0.5602	-0.0733	-0.1071	0.3128	0.2017
ENSMUSG00000027300:::mmu-miR-342-5p	0.6839	-0.2209	1.0969	-0.4804	-0.0997	-0.5714
ENSMUSG00000027315:::mmu-miR-343-5p	0.3145	-0.1823	0.3910	-0.1344	-0.0713	-0.4121
ENSMUSG00000027478:::mmu-miR-344-5p	0.2576	-0.0589	0.2801	-0.0700	-0.5867	-0.7298
ENSMUSG00000027496:::mmu-miR-345-5p	-0.7997	-0.5936	-1.1175	-0.9679	-0.7019	-1.0634
ENSMUSG00000027522:::mmu-miR-346-5p	-0.1254	0.6238	0.0745	0.3442	0.5408	-0.1339
ENSMUSG00000027523:::mmu-miR-347-5p	-0.4410	-0.0632	0.0835	-0.2588	-0.1541	0.1605
ENSMUSG00000027531:::mmu-miR-348-5p	-0.0541	-0.5927	-0.4271	-0.2506	-0.2452	-0.1578
ENSMUSG00000027544:::mmu-miR-349-5p	-0.2822	-0.1553	-0.6402	0.2504	0.0530	0.0390
ENSMUSG00000027559:::mmu-miR-350-5p	-0.3457	-0.3393	0.4395	-0.1638	-0.1697	-0.3903
ENSMUSG00000027562:::mmu-miR-351-5p	-0.3116	-0.1898	-0.3112	-0.1645	-0.0432	0.5320
ENSMUSG00000027575:::mmu-miR-352-5p	0.2104	0.0832	0.1457	0.0657	-0.5254	0.4643
ENSMUSG00000027611:::mmu-miR-353-5p	-0.6083	-0.3396	-0.3968	-0.5925	0.4217	0.2750
ENSMUSG00000027643:::mmu-miR-354-5p	-0.1321	-0.0107	0.8406	0.3853	0.1492	-0.1330
ENSMUSG00000027671:::mmu-miR-355-5p	0.6012	0.8225	0.2615	-0.7979	-0.1434	-0.2960
ENSMUSG00000027765:::mmu-miR-356-5p	0.5691	-0.0342	0.4902	-0.0645	0.1466	0.1965
ENSMUSG00000027863:::mmu-miR-357-5p	0.2199	0.2255	0.2623	-0.7723	-0.1799	-0.6734
ENSMUSG00000027878:::mmu-miR-358-5p	-0.5831	-0.0708	-0.4781	0.3001	0.0393	0.4858
ENSMUSG00000027908:::mmu-miR-359-5p	0.3136	0.1356	-0.0422	-0.3251	0.3214	0.0429
ENSMUSG00000027936:::mmu-miR-360-5p	0.3613	-0.4462	0.2967	0.6320	-0.0330	-0.0645
ENSMUSG00000027971:::mmu-miR-361-5p	-0.5062	-0.2012	-0.3034	0.1535	-0.1090	-0.3921
ENSMUSG00000027983:::mmu-miR-362-5p	0.5108	0.7471	0.0588	-0.7944	0.3077	-0.0275
ENSMUSG00000027984:::mmu-miR-363-5p	-0.2594	0.0617	-0.1098	0.2056	-0.1132	0.5413
ENSMUSG00000028047:::mmu-miR-364-5p	-0.3536	0.7185	0.3813	-0.1893	-0.1320	0.3814
ENSMUSG00000028145:::mmu-miR-365-5p	-0.3683	-0.3510	-0.0405	-0.1656	0.3836	0.4710
ENSMUSG00000028191:::mmu-miR-366-5p	0.7567	0.0419	0.4438	0.5607	0.8585	0.6279
ENSMUSG00000028240:::mmu-miR-367-5p	-0.2185	0.1443	-0.1108	0.2774	-0.1477	-0.1118
ENSMUSG00000028255:::mmu-miR-368-5p	1.1439	0.3767	0.2546	0.2422	-0.2779	0.0852
ENSMUSG00000028284:::mmu-miR-369-5p	-0.1765	-0.0216	-0.7516	-0.6492	-0.0442	0.3264
ENSMUSG00000028357:::mmu-miR-370-5p	0.2720	-0.0817	-0.5354	-0.0866	-0.6098	0.2821
ENSMUSG00000028367:::mmu-miR-371-5p	0.0422	0.2124	-0.2671	0.4047	-0.0110	0.2519
ENSMUSG00000028410:::mmu-miR-372-5p	-0.4670	-0.1014	0.1111	0.0869	0.1414	-0.0088
ENSMUSG00000028411:::mmu-miR-373-5p	0.1029	0.4210	0.2555	0.5758	-0.3748	-0.0039
ENSMUSG00000028413:::mmu-miR-374-5p	-0.1432	0.1225	0.2778	-0.0838	0.1303	-0.0302
ENSMUSG00000028430:::mmu-miR-375-5p	-0.1341	0.2631	0.3359	-0.0968	0.5444	0.8291
ENSMUSG00000028443:::mmu-miR-376-5p	0.1764	0.0300	0.7435	-0.4959	-0.1282	-0.4270
ENSMUSG00000028519:::mmu-miR-377-5p	-0.1280	0.1163	-0.3756	0.2420	1.0521	0.1793
ENSMUSG00000028527:::mmu-miR-378-5p	0.0336	-0.1420	-0.1289	0.1704	-0.3683	0.3288
ENSMUSG00000028541:::mmu-miR-379-5p	0.1326	0.1731	-0.3931	-0.0388	-0.1420	0.1966
ENSMUSG00000028691:::mmu-miR-380-5p	0.1085	0.0521	0.2921	-0.0779	-0.1002	0.6953
ENSMUSG00000028719:::mmu-miR-381-5p	0.3584	-0.5215	-0.5712	-0.3536	0.0793	-0.4012
ENSMUSG00000028745:::mmu-miR-382-5p	-0.3745	-0.5906	-0.0555	0.5063	-0.1588	-0.2786
ENSMUSG00000028755:::mmu-miR-383-5p	-0.0398	0.1778	0.1186	0.2038	0.4029	-0.3056
ENSMUSG00000028777:::mmu-miR-384-5p	0.7583	0.0480	0.9923	-0.2045	-0.1677	0.3806
ENSMUSG00000028884:::mmu-miR-385-5p	0.1504	-0.2234	0.3106	-0.3048	0.4899	0.0343
ENSMUSG00000028893:::mmu-miR-386-5p	-0.1281	-0.3633	-0.3120	-0.0725	-0.1204	0.0563
ENSMUSG00000028902:::mmu-miR-387-5p	0.1195	0.3778	0.7254	-0.4088	-0.1648	-0.3247
ENSMUSG00000028938:::mmu-miR-388-5p	-0.7105	-0.1527	-0.9801	0.2838	0.0844	-0.1872
ENSMUSG00000028940:::mmu-miR-389-5p	0.5115	0.4394	-0.1114	-0.1260	0.2754	-0.3297
ENSMUSG00000028991:::mmu-miR-390-5p	0.3292	-0.2704	-0.1895	0.0577	-0.1994	-0.4888
ENSMUSG00000029003:::mmu-miR-391-5p	-0.0084	-0.4641	0.1404	0.9826	-0.3970	-0.3132
ENSMUSG00000029020:::mmu-miR-392-5p	-0.3886	-0.6954	-0.0272	0.2070	-0.2938	-0.2708
ENSMUSG00000029027:::mmu-miR-393-5p	-0.3308	-0.1363	-0.3552	0.0052	-0.5049	-0.1837
ENSMUSG00000029033:::mmu-miR-394-5p	0.1257	0.0010	0.0391	-0.4823	0.7609	0.1134
ENSMUSG00000029054:::mmu-miR-395-5p	-0.2375	0.2765	-0.2926	0.2779	-0.2791	-0.6842
ENSMUSG00000029173:::mmu-miR-396-5p	1.2295	0.9297	1.3039	1.7294	1.5002	1.7281
ENSMUSG00000029174:::mmu-miR-397-5p	0.0742	-0.7023	-0.1774	-0.1906	0.1873	0.2577
ENSMUSG00000029178:::mmu-miR-398-5p	1.2141	0.8171	0.6297	1.4877	1.2554	0.8716
ENSMUSG00000029188:::mmu-miR-399-5p	-0.3091	-0.9507	-1.2650	-0.9547	-0.9607	-1.3021
ENSMUSG00000029205:::mmu-miR-400-5p	0.0776	0.4694	-0.8149	-0.2266	0.5234	0.3667
ENSMUSG00000029255:::mmu-miR-401-5p	-0.3298	0.3729	-0.0262	-0.0191	-0.4646	0.0845
ENSMUSG00000029311:::mmu-miR-402-5p	-0.0563	-0.3200	0.4257	-0.2594	0.2689	-0.3968
ENSMUSG00000029313:::mmu-miR-403-5p	0.1376	-0.1103	-0.5949	0.0442	-0.5581	0.0898
ENSMUSG00000029426:::mmu-miR-404-5p	0.3946	0.1591	0.0467	0.8660	0.3235	0.8319
ENSMUSG00000029491:::mmu-miR-405-5p	0.4227	0.2986	-0.2745	0.2647	0.0512	0.0505
ENSMUSG00000029505:::mmu-miR-406-5p	0.0102	0.2784	-0.2903	0.3872	0.1701	-0.1377
ENSMUSG00000029586:::mmu-miR-407-5p	-0.2440	-0.2126	-0.2836	0.0902	-0.4770	-0.3599
ENSMUSG00000029613:::mmu-miR-408-5p	-0.2892	0.4443	0.4707	0.0045	-0.1716	-0.0824
ENSMUSG00000029630:::mmu-miR-409-5p	-0.0827	-0.4391	0.0215	0.3645	0.2081	-1.0004
ENSMUSG00000029647:::mmu-miR-410-5p	-0.4147	-0.2276	0.4383	-0.4361	0.5693	-0.0337
ENSMUSG00000029648:::mmu-miR-411-5p	-0.1063	-0.7980	-0.2264	0.2455	0.2688	-0.4174
ENSMUSG00000029679:::mmu-miR-412-5p	-0.0841	0.2366	0.3928	0.1216	-0.3360	0.8201
ENSMUSG00000029682:::mmu-miR-413-5p	0.3038	-0.2324	0.4093	0.6743	-0.2742	-0.6223
ENSMUSG00000029710:::mmu-miR-414-5p	0.4238	0.0105	-0.1232	0.1366	-0.0832	0.0132
ENSMUSG00000029713:::mmu-miR-415-5p	-0.5642	-0.4521	0.2151	-0.3196	-0.1985	0.6495
ENSMUSG00000029715:::mmu-miR-416-5p	-0.2774	-0.4506	-0.9822	0.2474	-0.1155	-0.0372
ENSMUSG00000029763:::mmu-miR-417-5p	-0.3938	-0.0480	0.3303	0.4952	-0.0274	-0.2760
ENSMUSG00000029819:::mmu-miR-418-5p	-0.2476	0.4582	-0.0264	0.0561	0.3131	-0.3021
ENSMUSG00000029860:::mmu-miR-419-5p	0.0784	0.4455	-0.1009	0.0155	0.0557	-0.0960
ENSMUSG00000029868:::mmu-miR-420-5p	-0.1596	-0.1008	0.1033	0.3427	0.6159	0.3767
ENSMUSG00000029882:::mmu-miR-421-5p	0.2075	-0.0474	-0.3913	0.1011	0.0745	0.2190
ENSMUSG00000029918:::mmu-miR-422-5p	1.0892	0.5639	0.7437	1.0731	1.7859	0.9968
ENSMUSG00000030004:::mmu-miR-423-5p	0.1457	-0.4016	0.1558	0.1886	0.2060	-0.1957
ENSMUSG00000030042:::mmu-miR-424-5p	-0.1692	0.2709	0.3255	-0.0617	0.5667	-0.0299
ENSMUSG00000030054:::mmu-miR-425-5p	0.4098	-0.9327	-0.1577	-0.1466	0.4581	0.4061
ENSMUSG00000030082:::mmu-miR-426-5p	-0.5357	-0.2529	0.1178	0.2502	-0.3102	0.6291
ENSMUSG00000030108:::mmu-miR-427-5p	0.0534	0.0250	0.7739	-0.2196	0.0249	0.2566
ENSMUSG00000030162:::mmu-miR-428-5p	-0.5837	-0.0621	-0.4977	-1.0729	-0.3234	-0.5637
ENSMUSG00000030187:::mmu-miR-429-5p	-0.0698	-0.4826	0.4020	-0.3802	-0.7195	0.0779
ENSMUSG00000030235:::mmu-miR-430-5p	0.0826	-0.3223	-0.1070	0.2291	0.2642	-0.4216
ENSMUSG00000030236:::mmu-miR-431-5p	0.0120	-0.2441	-0.3482	-0.4097	-0.0948	0.7984
ENSMUSG00000030237:::mmu-miR-432-5p	0.5268	-0.2642	-0.4012	-0.1129	0.0789	-0.2288
ENSMUSG00000030244:::mmu-miR-433-5p	0.4485	0.2022	-0.3355	0.4022	0.0578	0.3063
ENSMUSG00000030361:::mmu-miR-434-5p	0.8237	1.3793	0.5868	1.4553	0.7224	1.3737
ENSMUSG00000030447:::mmu-miR-435-5p	0.1048	0.2884	0.1156	-0.1993	0.1266	-0.1696
ENSMUSG00000030468:::mmu-miR-436-5p	-0.4727	-0.2621	0.2716	0.1258	-0.1869	0.5536
ENSMUSG00000030557:::mmu-miR-437-5p	0.1888	0.1605	0.2738	0.0205	0.6636	0.0608
ENSMUSG00000030584:::mmu-miR-438-5p	0.1003	0.1623	0.2988	-0.2527	-0.4179	-0.6947
ENSMUSG00000030621:::mmu-miR-439-5p	0.0446	-0.1780	0.7625	-0.1492	-0.0971	0.0161
ENSMUSG00000030649:::mmu-miR-440-5p	0.1368	0.1329	-0.3947	-0.1464	0.1657	-0.4499
ENSMUSG00000030657:::mmu-miR-441-5p	0.0248	0.0110	-0.3141	0.6883	-0.1716	0.0383
ENSMUSG00000030670:::mmu-miR-442-5p	0.2211	-0.2876	-0.0492	0.4527	0.0380	-0.3965
ENSMUSG00000030674:::mmu-miR-443-5p	0.1900	0.3306	-0.3297	-0.0046	-0.0674	0.1499
ENSMUSG00000030682:::mmu-miR-444-5p	-0.0556	-0.2378	0.1050	0.1667	0.0641	0.1646
ENSMUSG00000030761:::mmu-miR-445-5p	-0.1823	-0.2416	0.0460	-0.2199	-0.0266	-0.2422
ENSMUSG00000030790:::mmu-miR-446-5p	-0.1212	-0.3345	0.0409	0.0401	-0.2497	0.1000
ENSMUSG00000030814:::mmu-miR-447-5p	0.3450	0.6241	0.2905	0.1761	0.2898	-0.1576
ENSMUSG00000030826:::mmu-miR-448-5p	-0.1708	-0.1268	0.1542	0.2640	-0.3251	0.0211
ENSMUSG00000030871:::mmu-miR-449-5p	0.8708	1.6473	1.3241	1.1631	1.4975	2.0078
ENSMUSG00000030880:::mmu-miR-450-5p	0.1377	0.2466	0.6466	-0.1209	-0.2833	-0.1176
ENSMUSG00000031097:::mmu-miR-451-5p	0.6177	0.7328	0.6412	1.0286	1.6726	1.3830
ENSMUSG00000031176:::mmu-miR-452-5p	0.0356	0.2161	0.1082	-0.2927	-0.6122	0.2998
ENSMUSG00000031217:::mmu-miR-453-5p	-0.5046	0.1710	-0.3414	-0.0600	-0.1774	-0.5179
ENSMUSG00000031271:::mmu-miR-454-5p	0.0645	0.3933	-0.0358	0.0842	-0.5032	-0.0666
ENSMUSG00000031295:::mmu-miR-455-5p	0.2825	0.3116	0.1103	-0.3494	-0.0993	0.4282
ENSMUSG00000031328:::mmu-miR-456-5p	-0.0502	-0.0847	0.3940	0.2038	-0.3562	-0.3134
ENSMUSG00000031378:::mmu-miR-457-5p	-0.1380	0.0134	-0.4742	-0.1285	0.0909	0.4092
ENSMUSG00000031381:::mmu-miR-458-5p	0.5214	0.2416	-0.3316	-0.2863	0.0508	-0.0676
ENSMUSG00000031451:::mmu-miR-459-5p	0.3205	-0.0063	0.5326	0.0794	0.1576	0.2985
ENSMUSG00000031608:::mmu-miR-460-5p	0.6375	0.0167	-0.0833	-0.0741	-0.1285	0.0260
ENSMUSG00000031636:::mmu-miR-461-5p	-0.4164	-0.5638	-0.2395	0.0556	0.3583	0.5332
ENSMUSG00000031645:::mmu-miR-462-5p	-0.1378	0.8481	0.1071	-0.3490	0.2787	0.4184
ENSMUSG00000031700:::mmu-miR-463-5p	0.4270	0.3122	0.1903	0.2865	-0.2516	0.1386
ENSMUSG00000031751:::mmu-miR-464-5p	-0.2878	0.4305	0.1336	0.1202	0.3039	0.2292
ENSMUSG00000031766:::mmu-miR-465-5p	-0.5136	0.4110	-0.0963	-0.2061	0.1886	-0.1548
ENSMUSG00000031808:::mmu-miR-466-5p	0.2316	-0.0355	-0.4563	-0.0589	-0.4029	0.1407
ENSMUSG00000031948:::mmu-miR-467-5p	1.0167	0.8634	1.1766	1.0753	1.5058	1.2666
ENSMUSG00000031974:::mmu-miR-468-5p	-0.9884	-0.8730	-1.2109	-1.4693	-1.8917	-1.9035
ENSMUSG00000031987:::mmu-miR-469-5p	-0.0134	0.2624	-0.2737	-0.3644	-0.4691	-0.0674
ENSMUSG00000031988:::mmu-miR-470-5p	0.1761	0.0914	0.2597	-0.4774	-0.1103	0.3938
ENSMUSG00000032080:::mmu-miR-471-5p	-0.0445	-0.7452	-0.4813	0.2960	0.0287	0.0597
ENSMUSG00000032081:::mmu-miR-472-5p	0.1912	0.3226	-0.0906	0.4549	-0.1248	-0.2453
ENSMUSG00000032218:::mmu-miR-473-5p	-0.6320	0.6338	-0.1188	0.0094	0.4181	0.3164
ENSMUSG00000032271:::mmu-miR-474-5p	0.1315	-0.3854	-0.5422	-0.5339	-0.0643	0.0387
ENSMUSG00000032294:::mmu-miR-475-5p	0.8049	0.7728	1.6273	1.0281	1.0401	1.2601
ENSMUSG00000032359:::mmu-miR-476-5p	-0.4758	0.5727	0.0188	-0.0777	0.5424	-0.2670
ENSMUSG00000032409:::mmu-miR-477-5p	0.1967	0.4593	0.1468	0.9798	0.2120	-0.0270
ENSMUSG00000032440:::mmu-miR-478-5p	-0.5853	0.0805	0.1969	-0.4104	0.0565	0.1237
ENSMUSG00000032470:::mmu-miR-479-5p	-0.0874	0.2274	0.2074	-0.3274	-0.1173	-0.3079
ENSMUSG00000032481:::mmu-miR-480-5p	-0.1875	-0.0621	-0.3077	0.0722	0.0244	0.4893
ENSMUSG00000032489:::mmu-miR-481-5p	-0.3694	-0.0132	-0.0767	-0.2462	0.2352	-0.3768
ENSMUSG00000032518:::mmu-miR-482-5p	-0.1549	0.0767	0.7816	0.3083	-0.4786	0.2590
ENSMUSG00000032531:::mmu-miR-483-5p	-0.3306	0.0682	-0.3727	0.2990	-0.4482	0.1025
ENSMUSG00000032554:::mmu-miR-484-5p	0.2529	0.0181	-0.0238	-0.4334	-0.3122	-0.0899
ENSMUSG00000032577:::mmu-miR-485-5p	0.1943	-0.1933	-0.1370	0.8695	-0.1561	-0.3530
ENSMUSG00000032578:::mmu-miR-486-5p	0.2798	-0.0588	0.0607	0.0680	-0.4261	0.4859
ENSMUSG00000032601:::mmu-miR-487-5p	-0.0618	-0.1307	0.1168	-0.4568	-0.1610	0.1573
ENSMUSG00000032648:::mmu-miR-488-5p	-0.4057	-0.0157	0.1225	-0.6201	0.2736	0.1788
ENSMUSG00000032737:::mmu-miR-489-5p	-0.2655	-0.4073	-0.2159	0.4176	0.1827	0.5735
ENSMUSG00000032839:::mmu-miR-490-5p	-0.3072	0.1849	-0.1506	-0.2869	-0.0049	0.2166
ENSMUSG00000032852:::mmu-miR-491-5p	0.4406	0.6421	0.1891	-0.3649	-0.4865	0.5174
ENSMUSG00000032939:::mmu-miR-492-5p	0.0044	0.4859	0.4923	-0.2382	0.1934	0.2463
ENSMUSG00000032987:::mmu-miR-493-5p	0.1709	0.0393	-0.8568	-0.3240	-0.3637	0.6371
ENSMUSG00000033059:::mmu-miR-494-5p	0.1603	-0.0333	0.4717	0.4505	-0.2453	-0.1314
ENSMUSG00000033105:::mmu-miR-495-5p	0.2255	-0.0023	0.4041	0.1804	-0.4781	-0.5588
ENSMUSG00000033161:::mmu-miR-496-5p	0.4674	0.2888	0.2520	0.1471	0.1127	-0.4587
ENSMUSG00000033373:::mmu-miR-497-5p	-0.3698	0.2697	-0.4571	0.2321	-0.0445	0.0524
ENSMUSG00000033400:::mmu-miR-498-5p	0.1432	0.0620	-0.8302	0.2740	-0.2829	0.0643
ENSMUSG00000033590:::mmu-miR-499-5p	-0.1026	-0.2451	-0.4547	0.2081	0.5724	-0.2736
ENSMUSG00000033653:::mmu-miR-100-5p	0.2958	0.0759	0.2879	-0.0463	-0.3760	-0.1736
ENSMUSG00000033688:::mmu-miR-101-5p	0.7888	-0.1677	0.1931	-0.3449	-0.4414	-0.2606
ENSMUSG00000033850:::mmu-miR-102-5p	-0.2518	0.3309	-0.2768	0.6105	-0.3811	-0.3036
ENSMUSG00000033916:::mmu-miR-103-5p	-0.0188	0.0983	0.1561	-0.2336	-0.0072	-0.0945
ENSMUSG00000034329:::mmu-miR-104-5p	-0.1136	-0.1047	-0.2426	0.0218	-0.4929	-0.1307
ENSMUSG00000034379:::mmu-miR-105-5p	0.3392	-0.2315	-0.4669	0.2435	-0.0107	0.5528
ENSMUSG00000034573:::mmu-miR-106-5p	0.3478	0.8331	0.0528	-0.4327	0.6148	0.2675
ENSMUSG00000034617:::mmu-miR-107-5p	-0.6030	-0.6409	-1.1914	-1.6719	-1.3790	-1.9338
ENSMUSG00000034620:::mmu-miR-108-5p	0.1365	-0.3355	-0.1176	-0.6149	0.4178	-0.1735
ENSMUSG00000034656:::mmu-miR-109-5p	0.2862	0.7464	-0.4861	0.4580	0.3198	-0.6799
ENSMUSG00000034684:::mmu-miR-110-5p	-0.0329	0.2455	-0.0793	0.0940	0.8083	-0.1495
ENSMUSG00000034855:::mmu-miR-111-5p	0.0593	-0.0951	0.5810	0.0470	-0.8120	0.2580
ENSMUSG00000035126:::mmu-miR-112-5p	-0.4720	-0.8044	-0.5986	0.1529	0.0533	0.0675
ENSMUSG00000035299:::mmu-miR-113-5p	0.3152	-0.3478	0.1003	-0.1844	0.3959	0.1075
ENSMUSG00000035383:::mmu-miR-114-5p	0.1335	-0.3576	0.2026	0.3510	0.0210	-0.6047
ENSMUSG00000035473:::mmu-miR-115-5p	-0.1796	0.1404	-0.5141	-0.1397	0.4529	0.5061
ENSMUSG00000035509:::mmu-miR-116-5p	0.4217	-0.0458	0.0851	-0.5216	-0.2286	-0.3187
ENSMUSG00000035629:::mmu-miR-117-5p	-0.0056	-0.0184	0.5822	0.4678	0.1210	0.1192
ENSMUSG00000035674:::mmu-miR-118-5p	0.3932	-0.0794	0.5749	0.3958	-0.4514	0.2346
ENSMUSG00000035704:::mmu-miR-119-5p	-0.1499	-0.0181	-0.5146	0.4309	-0.3771	-0.1269
ENSMUSG00000035745:::mmu-miR-120-5p	0.5072	0.3391	0.2185	-0.4007	-0.8172	-0.5594
ENSMUSG00000035773:::mmu-miR-121-5p	0.3392	-0.0595	-0.6408	0.1009	-0.4858	0.5042
ENSMUSG00000035847:::mmu-miR-122-5p	0.2540	0.5096	-0.4214	-0.0570	-0.7161	-0.1901
ENSMUSG00000035929:::mmu-miR-123-5p	-0.5657	-0.3710	0.2589	-0.4116	0.2093	0.0615
ENSMUSG00000035930:::mmu-miR-124-5p	-0.0632	-0.0427	-0.1682	0.1555	-0.1216	0.1575
ENSMUSG00000035948:::mmu-miR-125-5p	-0.0719	0.0010	0.0574	0.4030	0.3475	0.3645
ENSMUSG00000035953:::mmu-miR-126-5p	0.0618	-0.0760	0.7434	-0.1586	-0.5529	1.0263
ENSMUSG00000036091:::mmu-miR-127-5p	-0.1144	-0.6698	0.3968	0.1311	-0.2113	-0.1135
ENSMUSG00000036446:::mmu-miR-128-5p	-0.2431	-0.2920	-0.2445	0.7907	0.0362	-0.2364
ENSMUSG00000036594:::mmu-miR-129-5p	0.1594	0.5506	0.1494	0.4590	0.2482	-0.1986
ENSMUSG00000036768:::mmu-miR-130-5p	0.1264	0.4434	0.2690	-0.5177	-0.4316	0.4151
ENSMUSG00000036782:::mmu-miR-131-5p	-0.5597	-0.7158	-0.1272	0.0487	0.6045	-0.0499
ENSMUSG00000036813:::mmu-miR-132-5p	0.1788	-0.4296	0.0618	0.4942	0.8527	0.1166
ENSMUSG00000036834:::mmu-miR-133-5p	-0.1362	0.2645	-0.0161	0.3037	0.3284	-0.3451
ENSMUSG00000036840:::mmu-miR-134-5p	-0.6087	0.9098	-0.3390	-0.0159	-0.5562	-0.2593
ENSMUSG00000036845:::mmu-miR-135-5p	-0.1261	-0.1537	-0.3321	-0.1480	-0.0137	0.4942
ENSMUSG00000036904:::mmu-miR-136-5p	-0.0990	0.2441	-0.5519	-0.2174	0.9078	-0.0887
ENSMUSG00000037005:::mmu-miR-137-5p	-0.2332	0.3770	0.3069	0.0692	-0.3032	0.2158
ENSMUSG00000037071:::mmu-miR-138-5p	-0.3384	0.2261	0.0163	0.4605	0.3511	-0.2894
ENSMUSG00000037111:::mmu-miR-139-5p	-0.2341	0.1939	-0.1971	-0.3567	-0.3260	-0.1817
ENSMUSG00000037185:::mmu-miR-140-5p	-1.3830	-0.2233	-1.0021	-1.7191	-1.3953	-1.8844
ENSMUSG00000037197:::mmu-miR-141-5p	-0.1456	0.0772	0.2304	-0.5077	-0.7306	-0.8646
ENSMUSG00000037260:::mmu-miR-142-5p	0.3390	0.2842	-0.2265	-0.1982	-0.2652	0.5053
ENSMUSG00000037278:::mmu-miR-143-5p	0.3992	-0.0050	0.0896	0.4535	0.6017	0.1312
ENSMUSG00000037306:::mmu-miR-144-5p	-0.3469	0.5616	-0.2134	-0.1041	0.0205	0.5369
ENSMUSG00000037341:::mmu-miR-145-5p	-0.0437	0.5368	-0.5290	0.0703	0.3224	0.1705
ENSMUSG00000037361:::mmu-miR-146-5p	0.1700	-0.3193	0.1316	-0.4666	-0.8714	-0.0602
ENSMUSG00000037428:::mmu-miR-147-5p	-0.0700	0.0168	-0.0271	-0.3704	-0.5576	0.1662
ENSMUSG00000037523:::mmu-miR-148-5p	-0.1167	0.2593	-0.0691	0.5535	0.0835	0.4644
ENSMUSG00000037720:::mmu-miR-149-5p	0.4298	0.6355	-0.1305	0.1695	-0.3022	0.4385
ENSMUSG00000037772:::mmu-miR-150-5p	-0.2672	-0.1731	-0.1832	-0.1157	0.0890	0.1243
ENSMUSG00000037876:::mmu-miR-151-5p	0.4743	0.3240	-0.5537	-0.1056	-0.1856	0.3858
ENSMUSG00000037887:::mmu-miR-152-5p	-0.6759	-0.0617	0.2921	0.0116	-0.0548	0.4865
ENSMUSG00000037933:::mmu-miR-153-5p	-0.0124	0.1349	-0.5697	-0.2191	-0.1531	-0.0137
ENSMUSG00000037974:::mmu-miR-154-5p	0.1183	0.0970	0.0294	-0.1423	0.0240	0.1184
ENSMUSG00000037993:::mmu-miR-155-5p	-0.1236	0.0234	-0.1546	0.2809	0.0163	-0.4458
ENSMUSG00000038023:::mmu-miR-156-5p	-0.1120	0.7153	-0.4479	-0.4047	0.2944	0.0599
ENSMUSG00000038115:::mmu-miR-157-5p	-0.0935	0.5004	-0.1266	-0.2900	0.2746	0.0224
ENSMUSG00000038179:::mmu-miR-158-5p	0.0957	-0.1154	-0.0434	0.5152	-0.0758	0.2910
ENSMUSG00000038213:::mmu-miR-159-5p	0.3074	-0.2650	-0.7952	-0.0618	-0.2633	0.1353
ENSMUSG00000038342:::mmu-miR-160-5p	0.0446	0.2748	-0.2910	0.2652	-0.4105	-0.1082
ENSMUSG00000038384:::mmu-miR-161-5p	-0.4748	-0.1213	0.3253	0.4428	0.3131	-0.0848
ENSMUSG00000038467:::mmu-miR-162-5p	0.1617	0.1520	0.3519	-0.0433	0.0612	-0.0979
ENSMUSG00000038545:::mmu-miR-163-5p	0.2536	-0.1503	-0.4788	0.2083	-0.1144	0.5210
ENSMUSG00000038569:::mmu-miR-164-5p	-0.0204	0.3023	0.2615	0.2528	-0.5116	-0.1419
ENSMUSG00000038793:::mmu-miR-165-5p	0.8860	0.4014	0.3268	-0.5107	-0.0674	0.1687
ENSMUSG00000038840:::mmu-miR-166-5p	-0.1325	-0.5864	-1.1103	-0.8679	-1.2884	-1.5429
ENSMUSG00000038861:::mmu-miR-167-5p	-0.5317	-1.0629	-0.8586	-1.0682	-0.7237	-1.1213
ENSMUSG00000038888:::mmu-miR-168-5p	-0.2158	0.4680	0.3895	0.2104	0.6099	0.1840
ENSMUSG00000039156:::mmu-miR-169-5p	0.0038	0.2079	0.4684	-0.2661	0.3437	-0.0061
ENSMUSG00000039231:::mmu-miR-170-5p	0.1775	0.2500	-0.1063	-0.1741	0.2886	0.3247
ENSMUSG00000039239:::mmu-miR-171-5p	0.2489	-0.1314	-0.0307	-0.4186	-0.1438	0.5898
ENSMUSG00000039356:::mmu-miR-172-5p	0.0135	0.1750	0.0792	-0.0139	0.2463	0.2377
ENSMUSG00000039427:::mmu-miR-173-5p	-0.7292	-0.3998	0.1651	-0.0517	0.3015	0.9704
ENSMUSG00000039771:::mmu-miR-174-5p	0.1012	0.6961	0.0766	0.0166	-0.3457	-0.5151
ENSMUSG00000039904:::mmu-miR-175-5p	0.3280	0.2116	0.5136	-0.3245	0.2820	-0.2767
ENSMUSG00000039952:::mmu-miR-176-5p	0.2478	-0.4404	0.3370	-0.1847	-0.5329	0.0289
ENSMUSG00000039962:::mmu-miR-177-5p	-0.7366	-0.9790	-0.0150	-0.1859	0.2677	-0.0685
ENSMUSG00000039989:::mmu-miR-178-5p	0.3422	0.0331	0.5095	0.3358	-0.3679	0.3974
ENSMUSG00000040061:::mmu-miR-179-5p	-0.0795	-0.0654	-0.5785	-0.3800	-0.6878	0.9361
ENSMUSG00000040264:::mmu-miR-180-5p	0.1876	-0.0352	0.1306	0.2140	0.1618	0.1432
ENSMUSG00000040374:::mmu-miR-181-5p	0.4666	-0.5998	-0.1615	-0.3147	0.4043	0.2865
ENSMUSG00000040435:::mmu-miR-182-5p	-0.0046	-0.4221	-0.7685	0.2908	0.2132	-0.2998
ENSMUSG00000040605:::mmu-miR-183-5p	-0.3089	-0.4701	0.2154	-0.2491	0.4058	-0.7114
ENSMUSG00000040606:::mmu-miR-184-5p	-0.6814	-1.4196	-1.4413	-1.5671	-1.8697	-2.4399
ENSMUSG00000040667:::mmu-miR-185-5p	0.2956	-0.2331	0.3242	0.3254	-0.0603	0.5492
ENSMUSG00000040752:::mmu-miR-186-5p	-0.3453	0.1260	0.1534	0.2873	0.3155	-0.2078
ENSMUSG00000040761:::mmu-miR-187-5p	-0.3906	0.2139	-0.2619	0.1040	0.2377	0.0842
ENSMUSG00000040918:::mmu-miR-188-5p	0.2393	0.1173	-0.4803	-0.0214	-0.4271	0.0482
ENSMUSG00000041247:::mmu-miR-189-5p	-0.8725	-0.8440	-0.6706	-1.5174	-0.5033	-0.9565
ENSMUSG00000041323:::mmu-miR-190-5p	0.0169	0.6339	0.2081	0.0571	0.2734	-0.0329
ENSMUSG00000041329:::mmu-miR-191-5p	0.0332	-0.0943	0.4030	-0.6090	0.2543	0.2949
ENSMUSG00000041426:::mmu-miR-192-5p	-0.4058	-0.2119	-0.4782	-1.4734	-1.1982	-1.2881
ENSMUSG00000041660:::mmu-miR-193-5p	0.4103	-0.1701	-0.1755	-0.5208	-0.4648	0.1327
ENSMUSG00000041849:::mmu-miR-194-5p	0.4371	0.4458	-0.8573	-0.0218	-0.2043	-0.4759
ENSMUSG00000041954:::mmu-miR-195-5p	0.0912	0.0708	-0.0849	0.0924	-0.1887	-0.2622
ENSMUSG00000042118:::mmu-miR-196-5p	0.0125	-0.3122	0.1091	-0.1339	-0.1590	-0.3791
ENSMUSG00000042124:::mmu-miR-197-5p	-0.6414	-0.4811	-0.6989	-2.2730	-1.3823	-1.4801
ENSMUSG00000042129:::mmu-miR-198-5p	-0.3980	-0.5259	0.3110	0.5176	0.2144	0.1524
ENSMUSG00000042289:::mmu-miR-199-5p	-0.3611	-0.7618	-1.6009	-1.3966	-1.0831	-2.0880
ENSMUSG00000042364:::mmu-miR-200-5p	-0.0997	-0.0310	-0.7147	-0.0083	-0.2225	-0.0630
ENSMUSG00000042390:::mmu-miR-201-5p	0.5817	0.4137	-0.0403	-0.4659	0.1974	-0.2351
ENSMUSG00000042428:::mmu-miR-202-5p	-0.2692	0.2866	-0.1932	-0.0307	-0.5713	0.1646
ENSMUSG00000042557:::mmu-miR-203-5p	-0.2584	0.3332	-0.0364	0.3339	0.2862	0.4732
ENSMUSG00000042605:::mmu-miR-204-5p	0.0468	-0.6118	-0.8977	-1.2378	-1.0599	-1.5993
ENSMUSG00000042628:::mmu-miR-205-5p	-0.2873	-0.0949	-0.0834	-0.2381	0.5170	0.1729
ENSMUSG00000042631:::mmu-miR-206-5p	-0.4255	0.6114	0.1848	-0.6339	-0.0662	-0.1896
ENSMUSG00000043165:::mmu-miR-207-5p	-0.9963	-1.1121	-1.8759	-2.0836	-1.3922	-1.5554
ENSMUSG00000043257:::mmu-miR-208-5p	-0.2553	-0.0098	0.1035	-0.1725	-0.3572	0.2162
ENSMUSG00000043385:::mmu-miR-209-5p	-0.3115	-0.3881	-0.5094	0.3580	-0.3610	-0.4248
ENSMUSG00000043569:::mmu-miR-210-5p	-0.8690	-1.2881	-1.6037	-1.0258	-1.7033	-1.7998
ENSMUSG00000043909:::mmu-miR-211-5p	-0.8690	-0.7595	-1.0411	-0.9853	-1.4077	-1.1274
ENSMUSG00000044103:::mmu-miR-212-5p	0.0238	-0.0080	-0.4620	-0.0543	0.3396	-0.2203
ENSMUSG00000044254:::mmu-miR-213-5p	0.3032	0.2591	0.2419	-0.5977	-0.6855	0.1630
ENSMUSG00000044279:::mmu-miR-214-5p	-0.4333	0.3094	0.2670	-0.4390	-0.0685	-0.6417
ENSMUSG00000044286:::mmu-miR-215-5p	0.1230	-0.4701	0.1988	-0.4663	-0.0554	-0.4182
ENSMUSG00000044359:::mmu-miR-216-5p	0.0407	-0.6970	0.3795	-0.6057	-0.6965	0.3132
ENSMUSG00000044533:::mmu-miR-217-5p	-0.2742	-0.0915	0.6415	-0.1051	0.0444	0.0130
ENSMUSG00000044562:::mmu-miR-218-5p	-0.5302	0.1519	-0.3774	-0.0384	0.3788	-0.3995
ENSMUSG00000044641:::mmu-miR-219-5p	0.0748	-0.0667	-0.7984	-0.5423	-0.1285	0.5255
ENSMUSG00000044702:::mmu-miR-220-5p	-0.7382	-0.6590	0.5264	-0.1564	-0.1413	-0.5393
ENSMUSG00000044985:::mmu-miR-221-5p	-0.1391	0.2335	-0.2816	0.0834	-0.1003	-0.1849
ENSMUSG00000045019:::mmu-miR-222-5p	-1.3037	-0.7104	-0.6691	-0.6565	-1.7137	-1.8679
ENSMUSG00000045150:::mmu-miR-223-5p	0.2299	-0.2266	-0.1253	0.1979	-0.6449	-0.2639
ENSMUSG00000045225:::mmu-miR-224-5p	-0.0726	-0.5235	0.0757	0.4284	-0.1756	0.0684
ENSMUSG00000045291:::mmu-miR-225-5p	-0.5346	-0.3547	0.1133	-0.5726	-0.0840	0.3459
ENSMUSG00000045306:::mmu-miR-226-5p	0.2416	0.2701	0.1590	0.0528	0.6720	0.1947
ENSMUSG00000045395:::mmu-miR-227-5p	-0.2580	0.0223	-0.4211	-0.2823	0.0424	-0.1651
ENSMUSG00000045475:::mmu-miR-228-5p	-1.1933	-1.3904	-1.4750	-1.6595	-1.3000	-1.9577
ENSMUSG00000045581:::mmu-miR-229-5p	-0.0457	-0.1040	-0.1928	0.6277	-0.4597	-0.7451
ENSMUSG00000045584:::mmu-miR-230-5p	-0.3183	-0.1281	0.0520	0.3248	-0.3071	0.3158
ENSMUSG00000045731:::mmu-miR-231-5p	0.0297	-0.0882	0.1807	-0.3590	0.4427	-0.2282
ENSMUSG00000045817:::mmu-miR-232-5p	-0.1116	0.0861	0.4690	-0.1521	0.2456	0.0937
ENSMUSG00000046139:::mmu-miR-233-5p	0.0001	0.2898	-0.0857	-0.0698	-0.5404	0.0837
ENSMUSG00000046259:::mmu-miR-234-5p	-1.1213	-1.3012	-0.9963	-1.7108	-1.5106	-1.5504
ENSMUSG00000046450:::mmu-miR-235-5p	-0.1340	0.2316	0.1579	0.6679	-0.5945	0.1534
ENSMUSG00000046676:::mmu-miR-236-5p	-0.1062	0.3370	-0.6586	-0.0608	-0.2051	0.4721
ENSMUSG00000046755:::mmu-miR-237-5p	0.4113	-0.5195	0.2057	-0.9599	0.2071	-0.1696
ENSMUSG00000046876:::mmu-miR-238-5p	0.2818	-0.0247	0.3719	0.0638	-0.4260	0.4648
ENSMUSG00000046908:::mmu-miR-239-5p	0.7180	0.3473	0.7755	0.6483	0.3102	0.6465
ENSMUSG00000047161:::mmu-miR-240-5p	0.7409	-0.5153	0.3113	-0.2312	-0.6939	0.3916
ENSMUSG00000047352:::mmu-miR-241-5p	-0.2049	-0.2951	0.9812	0.2189	0.3760	0.0028
ENSMUSG00000047759:::mmu-miR-242-5p	-0.5028	0.0934	-0.2359	-0.2502	-0.1597	0.1212
ENSMUSG00000047976:::mmu-miR-243-5p	0.4311	0.0774	-0.0261	0.3898	-0.3585	0.2097
ENSMUSG00000048087:::mmu-miR-244-5p	0.3800	-0.4230	0.5133	0.0538	-0.1466	-0.2255
ENSMUSG00000048142:::mmu-miR-245-5p	0.1707	0.1345	0.4540	-0.3537	-0.0053	0.0419
ENSMUSG00000048197:::mmu-miR-246-5p	-0.1708	-0.0991	0.2192	0.7205	-0.2515	-0.4547
ENSMUSG00000048439:::mmu-miR-247-5p	-0.3654	0.2981	-0.1672	-0.3694	0.1470	0.3638
ENSMUSG00000048574:::mmu-miR-248-5p	-0.3396	-0.8227	-0.1303	-0.4396	0.1543	-0.5294
ENSMUSG00000048755:::mmu-miR-249-5p	-0.7198	0.5809	0.0421	-0.0457	-0.6205	0.0140
ENSMUSG00000048756:::mmu-miR-250-5p	0.4876	0.4543	1.1405	1.1972	1.1488	1.5771
ENSMUSG00000049041:::mmu-miR-251-5p	-0.4668	0.1997	0.2086	-0.1512	0.1096	0.2948
ENSMUSG00000049107:::mmu-miR-252-5p	-0.3466	-0.1969	-0.6084	-0.4302	-0.0991	0.0297
ENSMUSG00000049323:::mmu-miR-253-5p	-0.5152	-0.2729	-0.0179	-0.1219	0.7570	0.6811
ENSMUSG00000049502:::mmu-miR-254-5p	-0.4185	-0.3580	-0.3700	0.1700	-0.0287	0.0958
ENSMUSG00000049553:::mmu-miR-255-5p	0.0069	0.2308	-0.0758	-0.3644	0.4152	-0.0770
ENSMUSG00000049605:::mmu-miR-256-5p	0.9900	-0.0006	-0.0070	-0.2728	-0.1001	0.7953
ENSMUSG00000049721:::mmu-miR-257-5p	-1.1489	-0.4721	-0.5906	-1.2518	-0.8395	-1.6122
ENSMUSG00000049894:::mmu-miR-258-5p	0.3210	-0.0267	-0.0576	0.0900	0.0659	0.4392
ENSMUSG00000050092:::mmu-miR-259-5p	-0.7232	-1.3520	-1.4495	-0.8140	-1.4670	-1.4219
ENSMUSG00000050511:::mmu-miR-260-5p	0.1071	0.0134	0.4031	0.1298	0.1234	-0.4142
ENSMUSG00000050578:::mmu-miR-261-5p	-0.1318	-0.2068	-0.2738	0.7731	-0.5329	0.1481
ENSMUSG00000050796:::mmu-miR-262-5p	-0.2877	0.2599	0.0921	-0.1284	-0.4935	-0.0376
ENSMUSG00000050853:::mmu-miR-263-5p	-0.4556	-0.5809	0.6845	0.3028	-0.4755	0.0765
ENSMUSG00000050901:::mmu-miR-264-5p	0.0605	0.2640	-0.5011	0.5057	-0.4049	-0.3997
ENSMUSG00000051190:::mmu-miR-265-5p	-0.4622	-0.4590	-0.4952	-0.8601	0.4448	0.3086
ENSMUSG00000051234:::mmu-miR-266-5p	-0.4204	-0.1918	-0.1071	0.2374	-0.5662	-0.5051
ENSMUSG00000051591:::mmu-miR-267-5p	0.3962	-0.0244	-0.5194	0.5892	0.2497	0.1334
ENSMUSG00000051593:::mmu-miR-268-5p	0.1934	-0.0822	-0.2319	-0.3290	0.6579	0.2236
ENSMUSG00000051706:::mmu-miR-269-5p	0.0717	-0.4476	-0.1587	-0.1563	-0.1610	-0.2411
ENSMUSG00000051790:::mmu-miR-270-5p	-0.5068	-0.1207	-0.5029	-0.6379	0.2445	0.2971
ENSMUSG00000051839:::mmu-miR-271-5p	0.2333	0.0231	0.0306	0.0983	-0.5536	-0.3527
ENSMUSG00000051906:::mmu-miR-272-5p	0.3718	-0.2446	0.4122	0.8643	0.2406	0.5575
ENSMUSG00000052102:::mmu-miR-273-5p	-0.3601	-0.4671	-0.1294	0.1609	0.0169	0.5633
ENSMUSG00000052270:::mmu-miR-274-5p	-0.1447	0.0363	-0.0171	-0.0638	-0.0421	0.0135
ENSMUSG00000052310:::mmu-miR-275-5p	0.1105	-0.0239	-0.6595	0.1998	0.5713	-0.1596
ENSMUSG00000052417:::mmu-miR-276-5p	0.2896	-0.3898	-0.7954	0.3462	0.5141	0.2559
ENSMUSG00000052520:::mmu-miR-277-5p	-0.3624	-0.5120	-0.2220	0.2504	0.3281	-0.0860
ENSMUSG00000052525:::mmu-miR-278-5p	-0.8109	0.5600	-0.2787	0.0574	-0.3893	-0.2987
ENSMUSG00000052537:::mmu-miR-279-5p	-0.5982	-0.6383	0.4368	0.2277	-0.3750	-0.2560
ENSMUSG00000052544:::mmu-miR-280-5p	0.2573	0.7501	0.5926	-0.6568	0.0933	0.0300
ENSMUSG00000052593:::mmu-miR-281-5p	-0.2055	-0.1795	0.0094	0.0028	0.2445	0.0066
ENSMUSG00000052914:::mmu-miR-282-5p	-0.3580	0.1397	-0.0017	-0.1230	0.1072	0.1641
ENSMUSG00000053293:::mmu-miR-283-5p	-0.2131	0.2920	0.1290	0.1890	0.4024	0.1650
ENSMUSG00000053317:::mmu-miR-284-5p	-0.2054	-0.0953	-0.4853	0.2974	-0.0613	-0.0938
ENSMUSG00000053368:::mmu-miR-285-5p	0.0370	-0.0057	-0.7422	-0.0433	-0.0136	0.4258
ENSMUSG00000053647:::mmu-miR-286-5p	0.3362	0.2214	-0.2418	0.1258	-0.2751	-0.7975
ENSMUSG00000053678:::mmu-miR-287-5p	-0.8027	-1.1362	-1.0857	-1.8928	-0.9672	-2.2734
ENSMUSG00000053790:::mmu-miR-288-5p	-0.1826	-0.0799	-0.9896	0.3424	0.7095	-0.1237
ENSMUSG00000053856:::mmu-miR-289-5p	0.4385	0.2197	-0.3501	0.3385	0.0712	0.0343
ENSMUSG00000054136:::mmu-miR-290-5p	0.4010	0.2171	0.4734	-0.2532	0.0926	0.5831
ENSMUSG00000054256:::mmu-miR-291-5p	0.9481	0.2080	0.1799	0.3035	-0.3318	0.1964
ENSMUSG00000054469:::mmu-miR-292-5p	-0.3653	-0.4506	-0.2155	-0.0879	-0.0249	-0.1456
ENSMUSG00000054582:::mmu-miR-293-5p	-0.2439	-0.4012	0.1568	0.0837	0.4209	0.2316
ENSMUSG00000054746:::mmu-miR-294-5p	-0.0752	0.0760	-0.3498	-0.6316	-0.2241	-0.2954
ENSMUSG00000055013:::mmu-miR-295-5p	0.7034	0.0270	0.1303	0.1121	-0.7469	0.1540
ENSMUSG00000055078:::mmu-miR-296-5p	0.2433	0.2883	0.0620	-0.1719	-0.2721	-0.1079
ENSMUSG00000055540:::mmu-miR-297-5p	0.0331	-0.1554	0.4100	-0.4957	0.0622	0.3739
ENSMUSG00000055546:::mmu-miR-298-5p	0.3785	-0.3303	0.5332	-0.1681	0.0272	-0.1270
ENSMUSG00000055782:::mmu-miR-299-5p	-0.7884	-0.4920	-1.2047	-1.4125	-1.3895	-1.8869
ENSMUSG00000055976:::mmu-miR-300-5p	0.5811	1.2672	1.2491	0.9007	2.1875	2.1269
ENSMUSG00000056124:::mmu-miR-301-5p	-0.9729	-1.3595	-1.5210	-2.0642	-1.9057	-1.5292
ENSMUSG00000056234:::mmu-miR-302-5p	-0.9735	-0.9010	-0.8066	-0.8802	-0.2488	-1.9270
ENSMUSG00000056305:::mmu-miR-303-5p	0.0737	0.1413	-0.2065	-0.0956	0.6371	0.0862
ENSMUSG00000056880:::mmu-miR-304-5p	0.6420	-0.0334	-0.3245	0.2006	-0.5501	-0.0316
ENSMUSG00000057000:::mmu-miR-305-5p	-0.0996	0.9371	-0.7530	0.4676	0.2726	0.5174
ENSMUSG00000057193:::mmu-miR-306-5p	0.2055	0.2601	0.2546	0.1716	-0.2556	-0.2662
ENSMUSG00000057207:::mmu-miR-307-5p	-0.0991	-0.0926	-0.4623	-0.0923	0.3894	-0.8683
ENSMUSG00000057228:::mmu-miR-308-5p	0.7438	0.8549	1.0967	0.9611	0.8372	1.4816
ENSMUSG00000057270:::mmu-miR-309-5p	-0.0497	-0.4971	0.5862	0.0467	0.3752	0.3617
ENSMUSG00000057388:::mmu-miR-310-5p	-0.5445	0.4633	-0.0658	-0.5207	0.1133	0.1201
ENSMUSG00000057649:::mmu-miR-311-5p	0.1307	-0.0067	-0.1850	0.0887	0.6285	-0.3857
ENSMUSG00000057997:::mmu-miR-312-5p	-0.0971	0.0624	-0.1832	-0.0174	0.0971	-0.0661
ENSMUSG00000058258:::mmu-miR-313-5p	0.3733	-0.5190	0.4196	-0.3071	-0.1602	0.0293
ENSMUSG00000058600:::mmu-miR-314-5p	-0.1221	-0.3830	-0.3549	-0.1387	0.0771	-0.2408
ENSMUSG00000058715:::mmu-miR-315-5p	0.4577	0.1326	-0.0284	-0.2054	-0.0103	0.1123
ENSMUSG00000059112:::mmu-miR-316-5p	-0.4175	-0.5676	-0.2366	-0.1326	0.0807	-0.3996
ENSMUSG00000059189:::mmu-miR-317-5p	0.2718	0.5550	-0.6197	-0.1418	0.0371	-0.1297
ENSMUSG00000059201:::mmu-miR-318-5p	-0.3601	-0.0938	-0.0172	-0.6588	-0.0976	-0.4618
ENSMUSG00000059230:::mmu-miR-319-5p	0.2429	0.1005	-0.2758	-0.4294	-0.0430	0.5962
ENSMUSG00000059251:::mmu-miR-320-5p	-0.4178	0.6829	0.2702	0.5782	-0.6376	-0.0664
ENSMUSG00000059279:::mmu-miR-321-5p	-0.6535	-0.9222	-0.4724	-1.9120	-0.6293	-1.0551
ENSMUSG00000059303:::mmu-miR-322-5p	-0.0566	-0.5541	-0.5256	0.3256	0.2555	0.0575
ENSMUSG00000059366:::mmu-miR-323-5p	-0.0396	0.1261	-0.2050	0.0021	-0.0320	-0.4601
ENSMUSG00000059741:::mmu-miR-324-5p	0.1050	-0.0390	0.2294	-0.1287	-0.3039	-0.4804
ENSMUSG00000059921:::mmu-miR-325-5p	0.6413	0.5545	0.1182	-0.1125	0.1375	0.3019
ENSMUSG00000060049:::mmu-miR-326-5p	0.6395	-0.0108	-0.0333	-0.1619	-0.2481	0.3067
ENSMUSG00000060105:::mmu-miR-327-5p	0.4922	-0.4235	-0.6995	-0.6844	0.4605	-0.5925
ENSMUSG00000060147:::mmu-miR-328-5p	-0.2302	-0.0264	-0.1792	0.4022	0.3660	-0.1098
ENSMUSG00000060208:::mmu-miR-329-5p	-0.2327	0.0314	0.4367	0.0146	-0.2873	-0.1064
ENSMUSG00000060254:::mmu-miR-330-5p	0.5739	-0.1048	-0.4242	0.3733	0.5147	0.3799
ENSMUSG00000060373:::mmu-miR-331-5p	-0.4788	-0.1531	0.0246	0.7697	0.5826	-0.1849
ENSMUSG00000060402:::mmu-miR-332-5p	-0.3235	-0.5180	-0.2970	-0.4513	-0.2459	-0.0029
ENSMUSG00000060480:::mmu-miR-333-5p	0.1596	-0.2417	-0.7554	-0.2968	-0.1980	0.0278
ENSMUSG00000060499:::mmu-miR-334-5p	0.3687	0.1070	0.3156	0.5521	0.0888	-0.4489
ENSMUSG00000060863:::mmu-miR-335-5p	-0.1568	0.5536	0.2525	-0.1584	0.1609	0.3764
ENSMUSG00000061360:::mmu-miR-336-5p	0.1372	-0.0909	-0.3924	0.1873	-0.9372	-0.0153
ENSMUSG00000061387:::mmu-miR-337-5p	-0.1094	-0.4027	0.6223	-0.3997	-0.1055	0.5834
ENSMUSG00000061457:::mmu-miR-338-5p	-0.5191	0.1822	-0.0692	0.5223	-0.0937	0.6519
ENSMUSG00000061520:::mmu-miR-339-5p	-0.4859	-0.1488	-0.2457	-0.1626	-0.2367	0.2950
ENSMUSG00000061589:::mmu-miR-340-5p	-0.4815	-0.0166	-0.1672	0.3746	0.4650	0.9184
ENSMUSG00000061615:::mmu-miR-341-5p	-0.4891	0.1967	-0.3186	-0.8717	-0.1204	-0.1894
ENSMUSG00000061780:::mmu-miR-342-5p	-0.1272	0.1098	-0.3156	-0.4770	0.5402	-0.2936
ENSMUSG00000061787:::mmu-miR-343-5p	-0.1180	-0.1753	-0.0598	-0.0354	-0.1739	-0.0837
ENSMUSG00000062105:::mmu-miR-344-5p	0.0179	-0.0629	-0.0489	-0.3088	0.3787	-0.6613
ENSMUSG00000062300:::mmu-miR-345-5p	0.2922	0.2596	-0.5761	-0.0140	-0.1257	-0.0251
ENSMUSG00000062526:::mmu-miR-346-5p	0.2871	0.2706	0.6076	-0.4072	0.2814	0.4235
ENSMUSG00000062683:::mmu-miR-347-5p	-0.4926	0.3518	-0.3188	0.4742	0.0655	-0.0929
ENSMUSG00000062762:::mmu-miR-348-5p	-0.2047	-0.5772	0.2730	0.3171	0.0376	-0.2049
ENSMUSG00000062785:::mmu-miR-349-5p	-0.0488	0.2027	0.1976	0.5234	0.2446	-0.0998
ENSMUSG00000062991:::mmu-miR-350-5p	0.2938	0.3700	0.1301	-0.2987	-0.4647	0.1765
ENSMUSG00000063160:::mmu-miR-351-5p	-0.3075	0.0317	-0.8063	-0.2193	0.1670	-0.3784
ENSMUSG00000063179:::mmu-miR-352-5p	-0.9602	-0.3499	-1.0635	-1.1181	-1.9773	-1.5320
ENSMUSG00000063221:::mmu-miR-353-5p	0.0520	-0.6217	0.2121	-0.5193	-0.1443	-0.3119
ENSMUSG00000063240:::mmu-miR-354-5p	-0.4846	0.4912	0.7573	0.3008	0.2154	-0.1809
ENSMUSG00000063582:::mmu-miR-355-5p	-0.1049	0.1943	-0.4168	-0.3736	0.1938	0.5116
ENSMUSG00000063594:::mmu-miR-356-5p	-0.6615	0.2624	-0.0741	0.0136	-0.4113	-0.1218
ENSMUSG00000063652:::mmu-miR-357-5p	-0.2949	-0.1971	0.4169	0.4472	0.4974	0.6667
ENSMUSG00000063713:::mmu-miR-358-5p	-0.1003	1.0049	1.5203	1.4786	1.4888	1.5439
ENSMUSG00000063856:::mmu-miR-359-5p	-0.5671	-0.0229	0.1731	0.1854	-0.3025	0.3898
ENSMUSG00000063867:::mmu-miR-360-5p	-0.4132	0.2402	0.1552	0.4231	0.4748	0.3683
ENSMUSG00000063881:::mmu-miR-361-5p	-0.0998	-0.2550	-0.4714	-0.4761	-0.5727	-0.2197
ENSMUSG00000064006:::mmu-miR-362-5p	0.2187	-0.3735	0.4750	0.5434	-0.1976	-0.1018
ENSMUSG00000064039:::mmu-miR-363-5p	-0.3656	-0.3069	-0.2359	0.2120	0.2277	-0.3081
ENSMUSG00000064084:::mmu-miR-364-5p	0.1122	-0.3267	0.0299	0.3715	0.4059	-0.6096
ENSMUSG00000064120:::mmu-miR-365-5p	0.1845	-0.2366	-0.0636	-0.4058	-0.1493	-0.1444
ENSMUSG00000064127:::mmu-miR-366-5p	0.0409	0.2128	0.2334	0.5682	-0.0724	0.3837
ENSMUSG00000064165:::mmu-miR-367-5p	-0.2905	-1.0303	-1.1205	-1.3235	-1.5975	-1.7230
ENSMUSG00000064333:::mmu-miR-368-5p	-0.0609	-0.1760	-0.3490	-0.9599	-0.1117	0.3238
ENSMUSG00000064341:::mmu-miR-369-5p	0.4713	0.4366	0.2746	-0.7066	-0.2129	-0.0827
ENSMUSG00000064351:::mmu-miR-370-5p	0.2680	0.3535	-0.1194	0.1470	0.5875	-0.0365
ENSMUSG00000064354:::mmu-miR-371-5p	-0.1332	0.0668	0.4569	-0.2700	0.6199	-0.3459
ENSMUSG00000064360:::mmu-miR-372-5p	0.1962	-0.4580	-0.1308	-0.2395	0.1420	-0.6941
ENSMUSG00000064408:::mmu-miR-373-5p	0.2164	-0.0106	0.7845	-0.1147	-0.1934	0.0233
ENSMUSG00000064419:::mmu-miR-374-5p	-0.3037	-0.0189	-0.1422	-0.1002	0.0248	-0.0484
ENSMUSG00000064572:::mmu-miR-375-5p	0.0274	0.1099	0.1126	0.3299	-0.1352	0.2173
ENSMUSG00000064624:::mmu-miR-376-5p	0.4253	-0.3574	0.0102	0.1065	-0.0278	-0.3244
ENSMUSG00000064630:::mmu-miR-377-5p	0.4443	-0.3243	-0.0082	0.0973	-0.0581	-0.0125
ENSMUSG00000064653:::mmu-miR-378-5p	-0.0303	-0.7194	-0.1499	0.2149	0.1014	-0.2893
ENSMUSG00000064670:::mmu-miR-379-5p	-0.8456	-0.3297	-0.9213	-1.0325	-1.2251	-1.5855
ENSMUSG00000064686:::mmu-miR-380-5p	0.1035	0.0167	-0.0738	-0.1319	0.1537	0.2453
ENSMUSG00000064735:::mmu-miR-381-5p	-0.2977	0.0137	-0.0125	0.4355	-0.3055	-0.4275
ENSMUSG00000064775:::mmu-miR-382-5p	0.5686	-0.6429	0.7573	0.5613	0.4155	0.2221
ENSMUSG00000064822:::mmu-miR-383-5p	-0.4947	-0.0089	-0.5027	-0.3075	-0.2036	-0.4360
ENSMUSG00000064867:::mmu-miR-384-5p	0.3085	-0.1830	-0.4814	-0.3730	0.0133	-0.1282
ENSMUSG00000065198:::mmu-miR-385-5p	0.2620	0.4058	-0.1249	-0.2794	-0.0769	-0.4626
ENSMUSG00000065260:::mmu-miR-386-5p	0.0258	0.4084	0.1581	0.5833	-0.0220	-0.2625
ENSMUSG00000065299:::mmu-miR-387-5p	-0.5810	-0.1843	-0.1842	0.0061	-0.4005	0.0898
ENSMUSG00000065373:::mmu-miR-388-5p	0.0776	0.0640	-0.0003	0.4885	-0.4301	0.5526
ENSMUSG00000065411:::mmu-miR-389-5p	0.3010	0.2448	-0.5935	0.7905	0.3324	0.1648
ENSMUSG00000065424:::mmu-miR-390-5p	0.2108	0.1129	-0.2663	-0.1776	-0.1469	-0.0841
ENSMUSG00000065430:::mmu-miR-391-5p	-0.2369	-0.1283	-0.0577	-0.0298	0.1735	0.0353
ENSMUSG00000065458:::mmu-miR-392-5p	-0.0574	-0.2295	-0.0003	0.3707	-0.3535	-0.8291
ENSMUSG00000065474:::mmu-miR-393-5p	-0.5023	0.0090	0.3826	0.3421	0.0481	-0.0930
ENSMUSG00000065501:::mmu-miR-394-5p	-0.6213	-0.2957	-0.1210	-0.1911	0.0859	0.4570
ENSMUSG00000065530:::mmu-miR-395-5p	-0.4733	-0.3623	0.5693	0.4694	0.2492	0.0084
ENSMUSG00000065533:::mmu-miR-396-5p	-0.6047	-0.1867	-0.3457	0.4878	-0.2247	0.4014
ENSMUSG00000065578:::mmu-miR-397-5p	0.2490	-0.5688	0.4528	0.1484	0.4079	0.2056
ENSMUSG00000065599:::mmu-miR-398-5p	-0.8089	-0.4888	-1.2725	-1.1885	-1.1856	-1.2047
ENSMUSG00000065622:::mmu-miR-399-5p	0.2350	0.3119	-0.1592	-0.3195	-0.6909	-0.2448
ENSMUSG00000065795:::mmu-miR-400-5p	0.3030	0.6261	0.5716	0.1009	-0.1722	0.4816
ENSMUSG00000065845:::mmu-miR-401-5p	-0.3633	-0.0770	0.1664	-0.2346	-0.2471	0.0724
ENSMUSG00000065869:::mmu-miR-402-5p	0.5290	0.1574	0.1949	-0.2094	-0.0378	0.4139
ENSMUSG00000065905:::mmu-miR-403-5p	0.2166	0.0556	-0.2173	0.4820	0.0739	0.1669
ENSMUSG00000065907:::mmu-miR-404-5p	-0.1553	0.2295	0.1037	-0.2862	0.1901	0.3340
ENSMUSG00000066036:::mmu-miR-405-5p	0.5530	0.2195	0.1312	-0.0503	-0.0288	-0.5671
ENSMUSG00000066058:::mmu-miR-406-5p	0.4868	0.5824	1.9232	0.9474	2.1286	1.9307
ENSMUSG00000066359:::mmu-miR-407-5p	0.2332	-0.3694	0.0909	-0.1951	0.0643	-0.3844
ENSMUSG00000066682:::mmu-miR-408-5p	-0.2309	-0.5044	0.3078	-0.2250	0.0615	-0.1982
ENSMUSG00000066747:::mmu-miR-409-5p	0.0864	-0.0340	-0.2084	0.0911	0.6325	-0.7151
ENSMUSG00000066839:::mmu-miR-410-5p	-0.6080	-0.4567	-0.8357	-1.3901	-1.0458	-1.3267
ENSMUSG00000067144:::mmu-miR-411-5p	-0.3325	0.2903	-0.2612	-0.5569	-0.0019	0.3925
ENSMUSG00000067370:::mmu-miR-412-5p	-0.2694	-0.0652	0.0881	0.4167	0.2441	0.2035
ENSMUSG00000067455:::mmu-miR-413-5p	0.7024	-0.3626	-0.0154	0.3446	-0.3667	-0.4753
ENSMUSG00000067586:::mmu-miR-414-5p	-0.3294	-0.0267	0.2916	-0.2262	0.4848	0.3270
ENSMUSG00000067599:::mmu-miR-415-5p	-0.3277	-0.5248	0.2550	0.2407	0.0521	0.0245
ENSMUSG00000067995:::mmu-miR-416-5p	-0.3673	-0.2741	0.0198	0.4363	-0.3567	0.5151
ENSMUSG00000068105:::mmu-miR-417-5p	0.4085	0.0310	-0.1863	0.1893	-0.0459	0.4000
ENSMUSG00000068535:::mmu-miR-418-5p	0.3667	0.3472	0.2212	0.5279	-0.3387	-0.0957
ENSMUSG00000068547:::mmu-miR-419-5p	0.0025	0.1233	0.3621	-0.0314	-0.1563	-0.4382
ENSMUSG00000068806:::mmu-miR-420-5p	-0.1583	0.0570	0.3439	-0.0650	0.3833	0.5152
ENSMUSG00000068817:::mmu-miR-421-5p	-0.3238	-0.0993	0.3308	0.6887	-0.5041	0.5355
ENSMUSG00000068856:::mmu-miR-422-5p	0.4279	0.1014	-0.3096	0.1359	-0.4356	0.2984
ENSMUSG00000069835:::mmu-miR-423-5p	0.0774	-0.1113	-0.6358	-0.0287	0.2180	0.1338
ENSMUSG00000070236:::mmu-miR-424-5p	-0.0431	-0.5829	-0.3280	-0.4916	-0.0098	-0.3082
ENSMUSG00000070283:::mmu-miR-425-5p	0.9874	0.3572	-0.3800	-0.1992	-0.2304	0.3129
ENSMUSG00000070390:::mmu-miR-426-5p	0.0993	0.9483	-0.7822	-0.2666	0.3474	0.4224
ENSMUSG00000070417:::mmu-miR-427-5p	-0.4676	-0.1909	0.3576	-0.0417	0.1290	-0.3366
ENSMUSG00000070421:::mmu-miR-428-5p	-0.1127	-0.4846	0.5741	0.5168	0.4068	-0.2163
ENSMUSG00000070687:::mmu-miR-429-5p	0.5786	0.1370	-0.2130	0.2670	0.5938	-0.0159
ENSMUSG00000070821:::mmu-miR-430-5p	-0.0366	-1.1888	-1.1007	-0.9793	-1.7953	-0.6687
ENSMUSG00000071150:::mmu-miR-431-5p	0.4554	-0.2636	-0.7562	0.1844	-0.2016	0.2568
ENSMUSG00000071275:::mmu-miR-432-5p	0.3153	0.6329	0.2173	0.3702	0.2090	0.1700
ENSMUSG00000071369:::mmu-miR-433-5p	-0.2236	0.0437	0.6855	0.3775	-0.2625	-0.7804
ENSMUSG00000071633:::mmu-miR-434-5p	0.8402	-0.2239	-0.1751	-0.1953	-0.2606	-0.1071
ENSMUSG00000071644:::mmu-miR-435-5p	-0.2553	-0.0730	-0.8334	-0.5693	0.3586	-0.3390
ENSMUSG00000071646:::mmu-miR-436-5p	-0.2454	0.0206	-0.7138	-0.1023	0.0533	-0.0986
ENSMUSG00000071723:::mmu-miR-437-5p	-0.0729	-0.2237	0.3496	-0.7174	0.4611	-0.2236
ENSMUSG00000072572:::mmu-miR-438-5p	-0.1759	0.4986	0.2763	0.6026	-0.0669	-0.2555
ENSMUSG00000072598:::mmu-miR-439-5p	-0.1149	-0.0982	0.3932	-0.1134	0.1505	0.0329
ENSMUSG00000073418:::mmu-miR-440-5p	0.0649	0.4556	-0.1793	-0.5339	-0.5859	-0.1607
ENSMUSG00000073421:::mmu-miR-441-5p	0.8273	0.0692	-0.3834	-0.1187	-0.1027	-0.5694
ENSMUSG00000073422:::mmu-miR-442-5p	0.0143	0.0636	0.1047	-0.2096	0.5010	0.5698
ENSMUSG00000073804:::mmu-miR-443-5p	-0.0660	-0.5054	0.3344	0.0179	0.1558	0.2223
ENSMUSG00000073896:::mmu-miR-444-5p	0.0993	0.0520	-0.3102	0.3849	0.0312	-0.4928
ENSMUSG00000073900:::mmu-miR-445-5p	-0.0701	-0.0252	0.0224	-0.5492	-0.6874	0.1070
ENSMUSG00000073926:::mmu-miR-446-5p	-0.6623	-0.1061	0.0953	0.2031	-0.2086	-0.2548
ENSMUSG00000073945:::mmu-miR-447-5p	-0.2501	0.2215	-0.0327	0.0833	0.1974	0.1948
ENSMUSG00000073964:::mmu-miR-448-5p	0.2859	-0.0250	-0.3334	0.5665	0.2022	-0.2796
ENSMUSG00000073966:::mmu-miR-449-5p	0.0593	-0.0613	0.1696	0.1526	0.2907	0.2975
ENSMUSG00000073972:::mmu-miR-450-5p	0.0853	-0.3636	-0.3559	0.6187	0.1139	0.0506
ENSMUSG00000073975:::mmu-miR-451-5p	-0.0557	0.2711	-0.5770	-0.1651	0.1295	-0.6514
ENSMUSG00000074452:::mmu-miR-452-5p	0.1256	0.1458	0.1142	-0.7471	-0.3171	0.3622
ENSMUSG00000074457:::mmu-miR-453-5p	-0.7187	-0.7390	-1.4935	-1.6226	-1.1920	-1.5414
ENSMUSG00000074715:::mmu-miR-454-5p	-0.3854	0.0145	-0.1003	0.1619	0.0674	-1.0735
ENSMUSG00000074852:::mmu-miR-455-5p	0.0833	0.3672	0.2877	-0.8682	0.0195	-0.6692
ENSMUSG00000074882:::mmu-miR-456-5p	-0.5097	0.4551	-0.0506	-0.2289	0.1752	0.2521
ENSMUSG00000074892:::mmu-miR-457-5p	-0.1343	0.4830	0.1779	0.5184	0.0596	-0.1593
ENSMUSG00000075064:::mmu-miR-458-5p	0.5421	0.0038	0.4861	-0.0764	-0.6069	-0.2692
ENSMUSG00000075065:::mmu-miR-459-5p	-0.2478	-0.4339	-0.2603	0.2525	0.4498	0.0690
ENSMUSG00000075086:::mmu-miR-460-5p	0.2988	0.1971	-0.4108	-0.1517	-0.1764	0.5907
ENSMUSG00000075111:::mmu-miR-461-5p	-0.0482	-0.1375	-0.1230	-0.2865	0.1474	-0.1120
ENSMUSG00000075119:::mmu-miR-462-5p	-0.9144	-0.7474	-0.3416	-1.5686	-0.5277	-0.9973
ENSMUSG00000075143:::mmu-miR-463-5p	-0.2791	0.3718	0.2047	0.5200	-0.3719	-0.0523
ENSMUSG00000075161:::mmu-miR-464-5p	0.1939	0.4104	0.0786	-0.1791	0.2613	-0.0936
ENSMUSG00000075164:::mmu-miR-465-5p	0.1679	-0.1222	-0.5477	-0.3733	-0.1708	0.0459
ENSMUSG00000075186:::mmu-miR-466-5p	-0.2793	-0.0157	0.2703	0.1833	0.1924	-0.3681
ENSMUSG00000075296:::mmu-miR-467-5p	0.6367	-0.0929	0.2709	0.0190	0.2720	-0.3587
ENSMUSG00000075318:::mmu-miR-468-5p	-0.2109	0.9779	-0.0525	-0.0409	0.1547	-0.0440
ENSMUSG00000075370:::mmu-miR-469-5p	0.2566	-0.4946	-0.1251	0.6937	0.0531	-0.0942
ENSMUSG00000075384:::mmu-miR-470-5p	0.8893	0.3014	-0.5806	0.6947	0.1061	0.4639
ENSMUSG00000075420:::mmu-miR-471-5p	-0.3438	0.0148	-0.3361	1.0467	0.2759	0.1298
ENSMUSG00000075707:::mmu-miR-472-5p	-0.2462	-0.0031	-0.3466	-0.0231	-0.0669	0.4015
ENSMUSG00000077349:::mmu-miR-473-5p	0.4698	0.0262	0.0872	0.1526	0.2761	-0.0566
ENSMUSG00000077783:::mmu-miR-474-5p	-0.1309	-0.5313	-0.0680	-0.7036	0.2184	-0.0662
ENSMUSG00000078346:::mmu-miR-475-5p	-0.3795	0.1545	-0.1046	-0.0924	-0.2205	-0.7774
ENSMUSG00000078452:::mmu-miR-476-5p	-0.0030	-0.0416	0.4534	-0.2406	0.5402	0.0909
ENSMUSG00000078578:::mmu-miR-477-5p	0.3134	0.0519	0.2058	0.3755	0.7960	0.4539
ENSMUSG00000078619:::mmu-miR-478-5p	0.0267	0.4865	-0.4596	-0.3017	-0.2741	0.1408
ENSMUSG00000078920:::mmu-miR-479-5p	-0.6365	-0.7786	0.6628	0.1757	-0.3141	-0.0658
ENSMUSG00000078964:::mmu-miR-480-5p	-0.6021	-0.6298	0.4038	-0.0959	-0.0118	-0.2936
ENSMUSG00000079037:::mmu-miR-481-5p	-0.1462	0.1770	-0.4643	0.0820	0.6006	0.2186
ENSMUSG00000079105:::mmu-miR-482-5p	-0.1893	-0.3695	-0.2365	-0.1291	0.0174	0.1923
ENSMUSG00000079110:::mmu-miR-483-5p	-0.4509	0.2800	-0.2357	0.1151	-0.4072	-0.3605
ENSMUSG00000079116:::mmu-miR-484-5p	-0.4922	-0.8325	-1.1201	-1.1736	-0.8331	-1.0225
ENSMUSG00000079120:::mmu-miR-485-5p	0.4481	0.4805	0.1640	-0.6098	-0.2201	0.3800
ENSMUSG00000079293:::mmu-miR-486-5p	-0.1971	0.2078	-0.1369	-0.2020	-0.2610	-0.3138
ENSMUSG00000079298:::mmu-miR-487-5p	-0.0071	-0.0088	-0.3556	0.0328	-0.5696	-0.2181
ENSMUSG00000079470:::mmu-miR-488-5p	-0.0555	-0.2024	-0.3426	0.0423	0.2283	-1.0937
ENSMUSG00000079492:::mmu-miR-489-5p	-0.1043	-0.8578	0.8864	0.6635	-0.5615	0.7383
ENSMUSG00000079658:::mmu-miR-490-5p	0.1973	-0.4663	0.3742	-0.0067	-0.1075	-0.7002
ENSMUSG00000079685:::mmu-miR-491-5p	-1.1353	-0.4916	-0.1320	-0.0188	-0.2541	-0.1585
ENSMUSG00000082211:::mmu-miR-492-5p	0.0453	-0.0083	-0.2432	-0.3594	0.2075	-0.2107
ENSMUSG00000083011:::mmu-miR-493-5p	0.4039	0.6393	-0.0442	-0.2402	-0.2350	0.0137
ENSMUSG00000084234:::mmu-miR-494-5p	0.5412	0.1447	0.0449	-0.0614	0.0724	-0.1504
ENSMUSG00000084558:::mmu-miR-495-5p	-0.0565	-0.4643	0.1709	0.1981	-0.3497	-0.0928
ENSMUSG00000084737:::mmu-miR-496-5p	0.0807	0.8583	0.3179	1.3557	0.9390	0.6250
ENSMUSG00000084740:::mmu-miR-497-5p	-0.3250	0.0598	0.0317	0.0321	-0.6974	0.1709
ENSMUSG00000087761:::mmu-miR-498-5p	-0.3889	-0.2076	-0.0929	0.0117	-0.3603	0.0233
ENSMUSG00000087777:::mmu-miR-499-5p	0.0918	-0.1359	0.5995	-0.0730	0.3871	-0.4559
ENSMUSG00000087939:::mmu-miR-100-5p	-1.1138	-0.1978	0.1387	-0.2276	0.2438	0.4768
ENSMUSG00000088258:::mmu-miR-101-5p	-0.4969	-0.0458	0.6320	-0.2115	0.5933	-0.3041
ENSMUSG00000088441:::mmu-miR-102-5p	0.1767	-0.1695	-0.4678	0.1882	-0.9063	0.4071
ENSMUSG00000088616:::mmu-miR-103-5p	0.0947	-0.2290	-0.2318	0.8963	0.4995	-0.1111
ENSMUSG00000088959:::mmu-miR-104-5p	0.5281	0.2829	-0.1912	-0.0968	-0.3679	0.4992
ENSMUSG00000089071:::mmu-miR-105-5p	-0.0135	0.2089	0.4354	0.3702	0.1418	-0.1171
ENSMUSG00000089164:::mmu-miR-106-5p	0.0013	0.1453	-0.1253	0.5033	-0.0646	0.1738
ENSMUSG00000089584:::mmu-miR-107-5p	0.2568	0.1746	-0.0515	-0.5202	-0.5987	0.1158
ENSMUSG00000089593:::mmu-miR-108-5p	0.3670	0.2011	0.0236	0.1548	0.0469	-0.7151
ENSMUSG00000089695:::mmu-miR-109-5p	-0.5059	0.0744	-0.3354	-0.1062	0.2411	0.2020
ENSMUSG00000089943:::mmu-miR-110-5p	0.1663	-0.1182	0.0492	0.1480	-0.3948	-0.0591
ENSMUSG00000090210:::mmu-miR-111-5p	0.5970	-0.2797	-0.3779	-0.5058	0.3038	0.3467
ENSMUSG00000090219:::mmu-miR-112-5p	-0.1092	0.0035	0.2222	-0.1127	-0.0234	-0.3708
ENSMUSG00000090474:::mmu-miR-113-5p	0.1569	-0.9389	-0.3546	0.5574	0.0822	0.1172
ENSMUSG00000090550:::mmu-miR-114-5p	-0.1734	-0.8134	-1.1223	-1.4916	-0.9199	-1.2420
ENSMUSG00000090675:::mmu-miR-115-5p	-0.2430	-0.4183	-0.5283	0.2102	-0.1514	-0.0126
ENSMUSG00000091091:::mmu-miR-116-5p	0.3213	-0.2855	-0.0240	0.2489	0.3239	0.1126
ENSMUSG00000091530:::mmu-miR-117-5p	0.7553	1.4244	1.1659	1.6477	1.2213	2.3719
ENSMUSG00000091950:::mmu-miR-118-5p	0.2553	0.4321	0.3189	-0.4721	0.3734	-0.0265
ENSMUSG00000093137:::mmu-miR-119-5p	0.4038	-0.1776	0.0542	-0.0294	0.0627	-0.2392
ENSMUSG00000093354:::mmu-miR-120-5p	0.3177	0.3579	0.7054	-0.1068	-0.1742	1.0556
ENSMUSG00000093839:::mmu-miR-121-5p	-0.2259	0.1038	0.0056	0.4343	-0.6554	-0.2416
ENSMUSG00000094063:::mmu-miR-122-5p	-0.2507	0.2868	-0.3006	-0.1218	-0.3082	0.2073
ENSMUSG00000094269:::mmu-miR-123-5p	0.4507	0.0189	0.0263	0.1301	-0.4203	0.5054
ENSMUSG00000094493:::mmu-miR-124-5p	-0.5992	-0.7573	-0.9958	-1.2647	-1.5045	-1.4116
ENSMUSG00000094531:::mmu-miR-125-5p	0.0495	0.3010	0.7888	0.0453	0.6372	-0.4109
ENSMUSG00000094692:::mmu-miR-126-5p	0.4758	0.2140	0.2435	0.0674	-0.6177	0.3615
ENSMUSG00000095003:::mmu-miR-127-5p	0.5035	0.1108	-0.0535	-0.1355	0.2794	-0.5822
ENSMUSG00000095028:::mmu-miR-128-5p	-0.0291	-0.0038	0.4582	0.0829	0.5099	0.0834
ENSMUSG00000095138:::mmu-miR-129-5p	-0.1969	0.1313	-0.1318	0.5091	-0.3284	0.4797
ENSMUSG00000095248:::mmu-miR-130-5p	-0.7685	-0.1728	0.6427	0.0121	0.2325	0.5579
ENSMUSG00000095322:::mmu-miR-131-5p	0.1793	0.1978	0.7744	0.0614	0.0055	-0.3838
ENSMUSG00000095463:::mmu-miR-132-5p	-0.1364	-0.0837	-0.4613	0.3912	-0.3429	0.1903
ENSMUSG00000095483:::mmu-miR-133-5p	-0.3334	-0.0492	0.2074	0.3631	0.2891	0.1462
ENSMUSG00000095774:::mmu-miR-134-5p	0.5584	-0.2383	0.0225	-0.3992	0.3433	-0.0116
ENSMUSG00000095917:::mmu-miR-135-5p	0.2660	-0.4431	0.6184	-0.0954	0.0466	-0.3185
ENSMUSG00000096097:::mmu-miR-136-5p	0.4955	-0.1462	-0.5068	-0.6170	0.0536	0.2288
ENSMUSG00000096442:::mmu-miR-137-5p	-0.9354	0.1910	-0.1698	-0.2180	-0.0488	-0.2431
ENSMUSG00000096497:::mmu-miR-138-5p	-0.1076	-0.4434	-0.3658	-0.3247	-0.0303	-0.2374
ENSMUSG00000096714:::mmu-miR-139-5p	0.3454	0.2607	0.3561	-0.3455	0.1851	0.0512
ENSMUSG00000096822:::mmu-miR-140-5p	0.2565	0.2042	0.5361	-0.2187	-0.4234	0.4137
ENSMUSG00000100926:::mmu-miR-141-5p	-0.4415	-0.0072	0.3025	0.2503	0.2387	0.2517
ENSMUSG00000102418:::mmu-miR-142-5p	0.0822	-0.7591	-0.0157	-0.3132	-0.0727	-0.0167
ENSMUSG00000107417:::mmu-miR-143-5p	-0.2736	-0.1751	0.2238	0.0966	-0.0085	0.0721
ENSMUSG00000108045:::mmu-miR-144-5p	-0.0333	-0.3265	-0.1091	0.1377	0.0484	0.4292
ENSMUSG00000108931:::mmu-miR-145-5p	0.0272	0.5080	-0.0169	0.2070	0.0059	0.1222
ENSMUSG00000109022:::mmu-miR-146-5p	-0.3106	-0.8131	-0.0846	-0.7168	-0.1662	0.0176
ENSMUSG00000109324:::mmu-miR-147-5p	0.1964	0.0199	-0.2800	-0.0897	-0.4587	0.2965
ENSMUSG00000109328:::mmu-miR-148-5p	-0.6466	-0.1932	-0.0731	0.1899	-0.0016	-0.0001
ENSMUSG00000109340:::mmu-miR-149-5p	-0.2507	0.3960	-0.3079	0.0007	0.4002	0.1157
ENSMUSG00000109528:::mmu-miR-150-5p	-0.3767	0.0426	0.2473	0.4576	0.2604	-0.5054
ENSMUSG00000110519:::mmu-miR-151-5p	0.0609	-0.2269	-0.2590	-0.0272	0.0162	-0.4464
ENSMUSG00000110947:::mmu-miR-152-5p	0.3445	-0.6323	-0.7792	0.1077	-0.3242	-0.1262
ENSMUSG00000111711:::mmu-miR-153-5p	-0.0815	-0.1225	-0.7608	0.4626	-0.6552	0.3000
ENSMUSG00000111732:::mmu-miR-154-5p	0.5183	-0.1685	-0.2527	-0.6844	-0.0083	-0.2255
ENSMUSG00000111747:::mmu-miR-155-5p	-0.0702	-0.1973	-0.1039	-0.1701	-0.2226	0.3560
ENSMUSG00000111863:::mmu-miR-156-5p	-0.2272	-0.3408	-0.1624	0.5511	-0.4442	-0.1960
ENSMUSG00000111869:::mmu-miR-157-5p	-0.1113	-0.3117	-0.3079	-0.9668	-0.3894	-0.0977
ENSMUSG00000112216:::mmu-miR-158-5p	0.1867	0.1732	-0.7413	0.2756	0.0001	0.0904
ENSMUSG00000112690:::mmu-miR-159-5p	0.3955	0.9985	0.9740	1.2969	1.8971	1.9436
ENSMUSG00000112814:::mmu-miR-160-5p	-0.0451	0.1432	0.0926	-0.0532	-0.3945	0.7622
ENSMUSG00000116845:::mmu-miR-161-5p	-0.2278	0.1670	-0.0546	-0.4433	0.2584	-0.2867
ENSMUSG00000117406:::mmu-miR-162-5p	-0.3112	-0.7532	0.0795	-0.0941	0.2429	-0.0551
ENSMUSG00000118664:::mmu-miR-163-5p	0.1518	-0.0135	-0.4625	-0.1739	-0.4944	-0.2199
ENSMUSG00000118667:::mmu-miR-164-5p	-0.3545	-0.3318	-0.4931	-0.2222	-0.2722	0.1873
ENSMUSG00000118690:::mmu-miR-165-5p	-0.4734	-0.4067	0.1906	-0.4018	-0.6206	-0.1611
ENSMUSG00000118756:::mmu-miR-166-5p	-0.0050	-0.0031	-0.3136	-0.5305	0.1763	0.1392
ENSMUSG00000118768:::mmu-miR-167-5p	0.0113	-0.3015	0.0854	-0.1739	0.1003	0.2251
ENSMUSG00000118864:::mmu-miR-168-5p	0.3376	0.4855	0.1624	0.1716	0.2971	0.0587
ENSMUSG00000118867:::mmu-miR-169-5p	0.1062	0.1087	0.3050	-0.0481	-0.1118	-0.3285
ENSMUSG00000118907:::mmu-miR-170-5p	0.2005	-0.3092	-0.0817	0.2454	0.6342	-0.2210
ENSMUSG00000118913:::mmu-miR-171-5p	0.0643	0.1647	0.1567	0.4591	-0.1198	-0.2700
ENSMUSG00000118939:::mmu-miR-172-5p	-0.1048	0.0850	-0.4514	0.4624	-0.0461	0.3391
ENSMUSG00000118968:::mmu-miR-173-5p	-0.1853	-0.3338	0.2939	0.1861	0.1064	-0.5994
ENSMUSG00000119013:::mmu-miR-174-5p	0.2132	0.1976	0.7749	0.5931	0.1591	-0.0977
ENSMUSG00000119036:::mmu-miR-175-5p	0.3102	-0.0378	-0.3087	0.2999	0.2406	0.2116
ENSMUSG00000119069:::mmu-miR-176-5p	0.1281	-0.0999	0.3925	-0.8481	-0.0809	-0.2651
ENSMUSG00000119159:::mmu-miR-177-5p	-0.3796	0.8326	0.1079	-0.0159	-0.2001	0.3215
ENSMUSG00000119199:::mmu-miR-178-5p	0.2456	-0.4647	-0.4308	0.2160	0.2536	-0.4965
ENSMUSG00000119233:::mmu-miR-179-5p	-0.9961	-0.0291	-0.2304	0.2205	-0.4777	-0.1828
ENSMUSG00000119267:::mmu-miR-180-5p	-0.6453	0.2743	0.4083	-0.7071	-0.6062	-0.0493
ENSMUSG00000119280:::mmu-miR-181-5p	0.0174	-0.7107	0.4511	-0.2758	-0.1901	0.3972
ENSMUSG00000119290:::mmu-miR-182-5p	-0.1838	-0.4524	-0.4666	-0.2792	-0.1743	0.2802
ENSMUSG00000119353:::mmu-miR-183-5p	0.3593	-0.3168	-0.1174	-0.1207	0.7473	-0.0835
ENSMUSG00000119377:::mmu-miR-184-5p	0.3058	-0.2393	0.3979	0.3642	-0.7739	0.2091
ENSMUSG00000119414:::mmu-miR-185-5p	0.9638	0.7964	0.6454	0.7783	1.4270	1.9011
ENSMUSG00000119481:::mmu-miR-186-5p	-0.2904	-0.2001	0.4618	-0.5746	0.7877	-0.3965
ENSMUSG00000119543:::mmu-miR-187-5p	0.0225	-0.3553	-0.0108	0.1555	0.4579	0.0397
ENSMUSG00000119580:::mmu-miR-188-5p	-1.0569	0.3109	-0.3586	0.5464	-0.2285	0.1418
ENSMUSG00000119593:::mmu-miR-189-5p	-0.2381	0.2269	-0.3962	0.4860	-0.9409	-0.4626
ENSMUSG00000119670:::mmu-miR-190-5p	0.3904	0.0627	-0.5650	0.2066	-0.1464	-0.3354
ENSMUSG00000119680:::mmu-miR-191-5p	-0.0123	-0.0346	0.5496	0.1420	-0.3599	0.1956
ENSMUSG00000119732:::mmu-miR-192-5p	0.1194	0.1535	0.1965	-0.2349	0.4193	-0.0907
ENSMUSG00000119838:::mmu-miR-193-5p	-0.1240	0.5830	0.0678	-0.3748	0.0752	0.0441
ENSMUSG00000119861:::mmu-miR-194-5p	0.2391	0.1813	0.5025	-0.2943	0.1690	0.2863
ENSMUSG00000119921:::mmu-miR-195-5p	-0.4986	-0.4582	0.5656	-0.0551	0.1183	-0.3571
ENSMUSG00001118662:::mmu-miR-196-5p	-0.1738	0.4103	-0.0944	0.2859	0.2901	0.3131
ENSMUSG00001118669:::mmu-miR-197-5p	0.4222	-0.6444	-0.6717	0.2185	-0.3031	0.3548
ENSMUSG00002076020:::mmu-miR-198-5p	0.2167	0.1952	-0.1946	-0.5795	-0.0685	-0.1493
ENSMUSG00002076365:::mmu-miR-199-5p	-0.1553	1.0232	-0.6686	0.0792	0.2465	-0.0045
